user_id,song_id,play_count
0045a9c9c32bef5db96a9cc168c0d756b37142ac,SOPSYSC12A8C13DFC0,3
0045a9c9c32bef5db96a9cc168c0d756b37142ac,SOUZZNN12AB01879D6,1
0045a9c9c32bef5db96a9cc168c0d756b37142ac,SOGZRJB12AF729B60F,5
0045a9c9c32bef5db96a9cc168c0d756b37142ac,SOHXMZQ12AAFF4444F,1
0045a9c9c32bef5db96a9cc168c0d756b37142ac,SOPMVTW12AF72A720A,10
0045a9c9c32bef5db96a9cc168c0d756b37142ac,SOAXYPG12A8C1403DD,1
0045a9c9c32bef5db96a9cc168c0d756b37142ac,SOLHGCU12A8C142620,3
0045a9c9c32bef5db96a9cc168c0d756b37142ac,SOQTYPY12A8C13F642,1
0045a9c9c32bef5db96a9cc168c0d756b37142ac,SOOJXLN12A6D4F781C,2
0045a9c9c32bef5db96a9cc168c0d756b37142ac,SOVRBIA12AF72AA14C,8
0045a9c9c32bef5db96a9cc168c0d756b37142ac,SOWPLVJ12AB0183586,2
0045a9c9c32bef5db96a9cc168c0d756b37142ac,SODILDI12A6D4F7FCF,1
0045a9c9c32bef5db96a9cc168c0d756b37142ac,SOAMMXF12AB0181A90,7
010b4ab757aa5729d1487b0012c14767f38a7ef8,SOLRUEZ12A67AE0ECA,1
010b4ab757aa5729d1487b0012c14767f38a7ef8,SOUJPPX12A8C13F844,1
010b4ab757aa5729d1487b0012c14767f38a7ef8,SOCPROP12A8C1336EE,5
010b4ab757aa5729d1487b0012c14767f38a7ef8,SOXOLWF12A8C13F86D,1
010b4ab757aa5729d1487b0012c14767f38a7ef8,SOFWYOV12A67AE0EC6,1
010b4ab757aa5729d1487b0012c14767f38a7ef8,SOQJYWS12A67AE0EC9,1
010b4ab757aa5729d1487b0012c14767f38a7ef8,SONFQOH12A8C13FC79,1
010b4ab757aa5729d1487b0012c14767f38a7ef8,SOVIXHN12A8C13FC85,1
01b7f41dad582528cad4f31a366da948a8670703,SOSMXVH12A58A7CA6C,1
01b7f41dad582528cad4f31a366da948a8670703,SODHXDO12A8C13A37A,1
01b7f41dad582528cad4f31a366da948a8670703,SOQZYQH12A8AE468E5,1
01b7f41dad582528cad4f31a366da948a8670703,SOEPJPV12A8C13DE9F,1
01b7f41dad582528cad4f31a366da948a8670703,SOBONKR12A58A7A7E0,27
0204430bf81ba0bff0a52c6536c29a7e312de650,SOARTRF12AB0181F4D,1
0204430bf81ba0bff0a52c6536c29a7e312de650,SOBONKR12A58A7A7E0,2
0204430bf81ba0bff0a52c6536c29a7e312de650,SOMGVYU12A8C1314FF,1
0204430bf81ba0bff0a52c6536c29a7e312de650,SOBERSI12A8C132438,1
0204430bf81ba0bff0a52c6536c29a7e312de650,SOSEFTI12A6310E82D,1
01ba7ed5d476e22ea3720f24601ada629d74bd8a,SOZGDUH12AF72A6DB2,1
01ba7ed5d476e22ea3720f24601ada629d74bd8a,SOYFQVR12AB018ACA5,1
01ba7ed5d476e22ea3720f24601ada629d74bd8a,SOIMDZL12A6D4F6EB1,5
01ba7ed5d476e22ea3720f24601ada629d74bd8a,SOFVUHW12A8C133115,3
01ba7ed5d476e22ea3720f24601ada629d74bd8a,SOGXSHA12AB0182AA6,1
01ba7ed5d476e22ea3720f24601ada629d74bd8a,SOEWANZ12A6702186C,1
01ba7ed5d476e22ea3720f24601ada629d74bd8a,SOKQJDI12AB0182A93,1
01ba7ed5d476e22ea3720f24601ada629d74bd8a,SOMNGMO12A6702187E,2
019db1a03fee2c284e0fb1a6f9de95fc70eddb9e,SOETFVO12AB018DFF3,1
019db1a03fee2c284e0fb1a6f9de95fc70eddb9e,SOAJHLR12A8C13CC11,1
019db1a03fee2c284e0fb1a6f9de95fc70eddb9e,SOHXWUX12AB01821DC,1
019db1a03fee2c284e0fb1a6f9de95fc70eddb9e,SOOTKWZ12AB0181082,1
019db1a03fee2c284e0fb1a6f9de95fc70eddb9e,SOIVBTY12A8C13A505,1
019db1a03fee2c284e0fb1a6f9de95fc70eddb9e,SOJVRVE12A8C1353D0,1
019db1a03fee2c284e0fb1a6f9de95fc70eddb9e,SOFRCGW12A81C21EA6,2
019db1a03fee2c284e0fb1a6f9de95fc70eddb9e,SOAUWYT12A81C206F1,2
019db1a03fee2c284e0fb1a6f9de95fc70eddb9e,SONVHDR12A8C139B44,1
019db1a03fee2c284e0fb1a6f9de95fc70eddb9e,SOQCGHN12AB0181246,5
019db1a03fee2c284e0fb1a6f9de95fc70eddb9e,SOWEFXC12A6D4FA230,27
0228086061cd915d93acd76310af01d1a9bbc221,SOMNTMT12A8C1400F6,1
0228086061cd915d93acd76310af01d1a9bbc221,SOCVUET12AB01804C0,8
0228086061cd915d93acd76310af01d1a9bbc221,SOENACM12AB0184839,9
0228086061cd915d93acd76310af01d1a9bbc221,SOKKCTL12A58291214,3
0228086061cd915d93acd76310af01d1a9bbc221,SOPWWIR12A8C13A4B8,1
0228086061cd915d93acd76310af01d1a9bbc221,SOLFXKT12AB017E3E0,8
0228086061cd915d93acd76310af01d1a9bbc221,SODASIJ12A6D4F5D89,4
0228086061cd915d93acd76310af01d1a9bbc221,SOBABSR12A58A7AD93,4
0228086061cd915d93acd76310af01d1a9bbc221,SOJEIJM12A6D4F98C7,1
010f6d7725c5ac6087851f9413f323f81e17eed9,SOZWEOD12AB01876EC,1
010f6d7725c5ac6087851f9413f323f81e17eed9,SOTMKZF12AB0187412,15
010f6d7725c5ac6087851f9413f323f81e17eed9,SOFNVBL12A6D4F9F78,1
010f6d7725c5ac6087851f9413f323f81e17eed9,SONFEUF12AAF3B47E3,17
010f6d7725c5ac6087851f9413f323f81e17eed9,SOPIBLV12A8C136C2A,1
010f6d7725c5ac6087851f9413f323f81e17eed9,SOYHCYU12A6701FBC2,2
010f6d7725c5ac6087851f9413f323f81e17eed9,SOCCHGF12A8C13FFBF,1
010f6d7725c5ac6087851f9413f323f81e17eed9,SOUNJIO12AB0181339,2
010f6d7725c5ac6087851f9413f323f81e17eed9,SOGAGAT12A6D4FAF3D,2
010f6d7725c5ac6087851f9413f323f81e17eed9,SOPZFOA12A8C13849F,1
010f6d7725c5ac6087851f9413f323f81e17eed9,SOOJMUX12A58A76D02,1
010f6d7725c5ac6087851f9413f323f81e17eed9,SOHGBHN12A6701F082,5
009ea6e7fdb9a1233d9ee219fc1bd6ab2d17cf94,SOZUUZN12A58A7AF12,1
009ea6e7fdb9a1233d9ee219fc1bd6ab2d17cf94,SOVYLLS12A8C141AE3,5
009ea6e7fdb9a1233d9ee219fc1bd6ab2d17cf94,SOXTAIG12A8C1412B0,1
009ea6e7fdb9a1233d9ee219fc1bd6ab2d17cf94,SOXVZVM12A8C13C3B6,1
009ea6e7fdb9a1233d9ee219fc1bd6ab2d17cf94,SOVDBGT12A58A7D770,1
009ea6e7fdb9a1233d9ee219fc1bd6ab2d17cf94,SOEQQDM12A8C1380A3,4
009ea6e7fdb9a1233d9ee219fc1bd6ab2d17cf94,SOOPMHY12A8C142BFD,5
009ea6e7fdb9a1233d9ee219fc1bd6ab2d17cf94,SOFJDJR12AB017C02D,1
01a58692403607ba51f9effb68aa0d6ec7673a5b,SOLYWID12A6311082C,1
01a58692403607ba51f9effb68aa0d6ec7673a5b,SOSULBB12A6D4F718A,2
01a58692403607ba51f9effb68aa0d6ec7673a5b,SOKKUJN12A63110824,1
01a58692403607ba51f9effb68aa0d6ec7673a5b,SOISECZ12A8C136DFB,1
01a58692403607ba51f9effb68aa0d6ec7673a5b,SOUJWJW12A63110848,1
01a58692403607ba51f9effb68aa0d6ec7673a5b,SOBYZRW12A58A7ABF1,2
01a58692403607ba51f9effb68aa0d6ec7673a5b,SODZZYS12A6D4FD535,1
01a58692403607ba51f9effb68aa0d6ec7673a5b,SOKHQFG12AB018ACBC,1
01a58692403607ba51f9effb68aa0d6ec7673a5b,SOWYNXF12AB01845CA,2
01a58692403607ba51f9effb68aa0d6ec7673a5b,SOVAHZK12A6310F23C,2
01a58692403607ba51f9effb68aa0d6ec7673a5b,SOZZISR12A6D4F9391,2
01a58692403607ba51f9effb68aa0d6ec7673a5b,SONFMXQ12AF72A8391,1
01a58692403607ba51f9effb68aa0d6ec7673a5b,SOGVVDQ12A6D4F893F,2
01a58692403607ba51f9effb68aa0d6ec7673a5b,SODWDMA12A8C14452A,1
01a58692403607ba51f9effb68aa0d6ec7673a5b,SOXDEDR12A8AE452CC,1
01a58692403607ba51f9effb68aa0d6ec7673a5b,SOFBFBF12A8C1325F3,1
01a58692403607ba51f9effb68aa0d6ec7673a5b,SOVDIAX12A6D4F722A,2
01a58692403607ba51f9effb68aa0d6ec7673a5b,SOTWWXM12A6311084B,1
01a58692403607ba51f9effb68aa0d6ec7673a5b,SODERTM12A6311081F,1
01a58692403607ba51f9effb68aa0d6ec7673a5b,SOHWEKY12A58A817A5,1
01a58692403607ba51f9effb68aa0d6ec7673a5b,SOWDKNI12A3F1EB619,2
01a58692403607ba51f9effb68aa0d6ec7673a5b,SOFAONV12A67020E43,1
01a58692403607ba51f9effb68aa0d6ec7673a5b,SOIQBEV12A6D4F9A6E,3
01a58692403607ba51f9effb68aa0d6ec7673a5b,SOMRRQY12A8C1414FC,1
01a58692403607ba51f9effb68aa0d6ec7673a5b,SOJPNVT12A6310E355,1
01a58692403607ba51f9effb68aa0d6ec7673a5b,SOBXLTA12AB017DE82,1
0126bc66b79a8c0c499cab9ff3f96ac7b63d7395,SOOHNBB12A6D4F74F8,18
0126bc66b79a8c0c499cab9ff3f96ac7b63d7395,SOMIKKB12AB01890D0,14
0126bc66b79a8c0c499cab9ff3f96ac7b63d7395,SOGPBAW12A6D4F9F22,4
0126bc66b79a8c0c499cab9ff3f96ac7b63d7395,SOFRQTD12A81C233C0,7
0126bc66b79a8c0c499cab9ff3f96ac7b63d7395,SOLJZIL12A8AE48884,1
0126bc66b79a8c0c499cab9ff3f96ac7b63d7395,SOXSTGL12AB01898C8,12
0126bc66b79a8c0c499cab9ff3f96ac7b63d7395,SOWQHUP12AB017C658,18
0126bc66b79a8c0c499cab9ff3f96ac7b63d7395,SOOCICG12A8AE49309,7
0126bc66b79a8c0c499cab9ff3f96ac7b63d7395,SOJEOBI12A67020189,8
0126bc66b79a8c0c499cab9ff3f96ac7b63d7395,SOQKBIT12A6D4FA8BF,2
0126bc66b79a8c0c499cab9ff3f96ac7b63d7395,SOPUFLQ12A8C13B1A1,16
0126bc66b79a8c0c499cab9ff3f96ac7b63d7395,SOGFLLV12AB017DE0C,3
0126bc66b79a8c0c499cab9ff3f96ac7b63d7395,SOSAZWK12AC468D8C2,4
0126bc66b79a8c0c499cab9ff3f96ac7b63d7395,SOOCMIB12A8C13E465,1
0126bc66b79a8c0c499cab9ff3f96ac7b63d7395,SOUFTBI12AB0183F65,19
0126bc66b79a8c0c499cab9ff3f96ac7b63d7395,SOTNKKT12A8AE46E50,12
0126bc66b79a8c0c499cab9ff3f96ac7b63d7395,SOZCHCN12AF729FF17,15
00539b30daa6999e65cc44867acac6c336004a02,SOYQYUA12AB018ABC6,1
00539b30daa6999e65cc44867acac6c336004a02,SOAIVMG12A8C141A8A,1
00539b30daa6999e65cc44867acac6c336004a02,SOWFPJD12A8C1326FF,1
00539b30daa6999e65cc44867acac6c336004a02,SOLISJF12A8C141A61,1
00539b30daa6999e65cc44867acac6c336004a02,SODJQUS12A6701D1D3,1
00539b30daa6999e65cc44867acac6c336004a02,SOXEHUH12AB018D1E0,1
00539b30daa6999e65cc44867acac6c336004a02,SOTSJZQ12A8C141A8E,1
00539b30daa6999e65cc44867acac6c336004a02,SOBNVYD12AB018D1E9,1
00539b30daa6999e65cc44867acac6c336004a02,SONQBUB12A6D4F8ED0,1
00539b30daa6999e65cc44867acac6c336004a02,SOBSNMM12A8C13F651,1
00539b30daa6999e65cc44867acac6c336004a02,SOWOMMY127F8096DF9,1
00539b30daa6999e65cc44867acac6c336004a02,SOBILXS12A6D4F6D25,1
00539b30daa6999e65cc44867acac6c336004a02,SOPDTVU12AB018D1B4,1
00539b30daa6999e65cc44867acac6c336004a02,SORQCKP12A8C141A90,1
00539b30daa6999e65cc44867acac6c336004a02,SONODPK12A8C13F63B,2
00539b30daa6999e65cc44867acac6c336004a02,SONGFOM12A8C141A87,1
00539b30daa6999e65cc44867acac6c336004a02,SOCHRXB12A8AE48069,1
00539b30daa6999e65cc44867acac6c336004a02,SOHNGOR12A8C13C105,1
022b026b14e5d06df302cc1232d69aaad1963648,SOXLOQG12AF72A2D55,1
022b026b14e5d06df302cc1232d69aaad1963648,SOZPEAB12A8C141176,1
022b026b14e5d06df302cc1232d69aaad1963648,SOKRLQZ12A8C13D997,1
022b026b14e5d06df302cc1232d69aaad1963648,SOGLWGG12A6D4F8046,1
022b026b14e5d06df302cc1232d69aaad1963648,SOKEYMD12A6D4F6983,1
022b026b14e5d06df302cc1232d69aaad1963648,SORJLZX12A5891F7A5,1
022b026b14e5d06df302cc1232d69aaad1963648,SOPQRPB12AB0185958,1
022b026b14e5d06df302cc1232d69aaad1963648,SOUNZHU12A8AE47481,1
022b026b14e5d06df302cc1232d69aaad1963648,SOHTKMO12AB01843B0,1
022b026b14e5d06df302cc1232d69aaad1963648,SODOZXB12A8C13CD55,1
022b026b14e5d06df302cc1232d69aaad1963648,SOXGIWN12A6310E0D8,1
022b026b14e5d06df302cc1232d69aaad1963648,SOSERZH12A8C142A38,1
022b026b14e5d06df302cc1232d69aaad1963648,SORAGYH12AAA15FD76,1
022b026b14e5d06df302cc1232d69aaad1963648,SOBPICV12A8151CDF1,2
022b026b14e5d06df302cc1232d69aaad1963648,SONQMNH12A58A7B6AA,1
022b026b14e5d06df302cc1232d69aaad1963648,SOJVRVE12A8C1353D0,1
022b026b14e5d06df302cc1232d69aaad1963648,SORPVDQ12AF72AA0F9,1
022b026b14e5d06df302cc1232d69aaad1963648,SOBGZKT12A8C138A78,1
022b026b14e5d06df302cc1232d69aaad1963648,SODUBRC12AF729E94A,1
022b026b14e5d06df302cc1232d69aaad1963648,SOEGIYH12A6D4FC0E3,1
022b026b14e5d06df302cc1232d69aaad1963648,SOBHPQB12A8C13C6A8,1
022b026b14e5d06df302cc1232d69aaad1963648,SONYMUZ12A8C139350,4
022b026b14e5d06df302cc1232d69aaad1963648,SOPMVRA12AB01872D6,1
022b026b14e5d06df302cc1232d69aaad1963648,SOUUJLR12A8C13CAB2,2
002d1f1a39282b2875c08587379d9acf41866d57,SOCJHPS12A6D4F8523,2
002d1f1a39282b2875c08587379d9acf41866d57,SOTVMLE12AB018168E,2
002d1f1a39282b2875c08587379d9acf41866d57,SORWGRQ12A8C13FFA1,6
002d1f1a39282b2875c08587379d9acf41866d57,SOSJZPO12A8C13AA82,2
002d1f1a39282b2875c08587379d9acf41866d57,SOQGVCS12AF72A078D,1
002d1f1a39282b2875c08587379d9acf41866d57,SOGCFQN12A58A79096,1
002d1f1a39282b2875c08587379d9acf41866d57,SOSHTTP12A8C13ACAC,20
002d1f1a39282b2875c08587379d9acf41866d57,SOQSTMS12A58A7AC66,4
002d1f1a39282b2875c08587379d9acf41866d57,SOZOUKH12A8C13E089,1
002d1f1a39282b2875c08587379d9acf41866d57,SOGHSQA12A8C14098E,1
002d1f1a39282b2875c08587379d9acf41866d57,SOIZMTQ12AF72A604A,8
002d1f1a39282b2875c08587379d9acf41866d57,SOMSEQC12AB017CD4B,1
002d1f1a39282b2875c08587379d9acf41866d57,SOMZAQO12A6D4FB9E9,7
002d1f1a39282b2875c08587379d9acf41866d57,SOMMJVR12A6D4F98E0,66
002d1f1a39282b2875c08587379d9acf41866d57,SOMFUWK12A6D4F8AFA,13
002d1f1a39282b2875c08587379d9acf41866d57,SOIMCDE12A6D4F8383,23
002d1f1a39282b2875c08587379d9acf41866d57,SOVMIYF12AF72A0020,29
0027bd60fea07d48fa336a979f9fa439bebb44fb,SOUSQYR12A6D4F74C1,6
0027bd60fea07d48fa336a979f9fa439bebb44fb,SOTZOSL12A6D4F7793,1
0027bd60fea07d48fa336a979f9fa439bebb44fb,SOKIYKQ12A8AE464FC,2
0027bd60fea07d48fa336a979f9fa439bebb44fb,SOWEHOM12A6BD4E09E,2
0027bd60fea07d48fa336a979f9fa439bebb44fb,SOFKEDR12A8C13D381,4
0027bd60fea07d48fa336a979f9fa439bebb44fb,SOCJAMC12A8C13F245,6
0027bd60fea07d48fa336a979f9fa439bebb44fb,SOGQJQX12A6D4F7E5B,2
0027bd60fea07d48fa336a979f9fa439bebb44fb,SOKMHKY12AF72AB079,7
0027bd60fea07d48fa336a979f9fa439bebb44fb,SOSXLTC12AF72A7F54,2
0027bd60fea07d48fa336a979f9fa439bebb44fb,SOJVZHE12B0B8065FC,1
0027bd60fea07d48fa336a979f9fa439bebb44fb,SOFVZRE12A8C139783,5
0027bd60fea07d48fa336a979f9fa439bebb44fb,SODAIMX12A6D4F74D6,6
0027bd60fea07d48fa336a979f9fa439bebb44fb,SOYGKHG12AB01804C8,6
0027bd60fea07d48fa336a979f9fa439bebb44fb,SOYZFBN12A8C134D39,25
0027bd60fea07d48fa336a979f9fa439bebb44fb,SOKFFGS12AB0184771,1
0027bd60fea07d48fa336a979f9fa439bebb44fb,SOPVHBU12A6D4F9108,5
0027bd60fea07d48fa336a979f9fa439bebb44fb,SOIBLKQ12AB0183E85,5
0027bd60fea07d48fa336a979f9fa439bebb44fb,SONTHNH12AB0187844,6
0027bd60fea07d48fa336a979f9fa439bebb44fb,SOVRIPE12A6D4FEA19,4
0027bd60fea07d48fa336a979f9fa439bebb44fb,SOJYBJZ12AB01801D0,3
00f09ee3d5e09e51c687471dbe378ab4ee85730a,SOOQILK12A8C13135E,2
00f09ee3d5e09e51c687471dbe378ab4ee85730a,SOAEIKA12AB017E908,1
00f09ee3d5e09e51c687471dbe378ab4ee85730a,SOYAFGE12A8C13761E,1
00f09ee3d5e09e51c687471dbe378ab4ee85730a,SOAPBTS12AF729BFB8,2
00f09ee3d5e09e51c687471dbe378ab4ee85730a,SOEPJPV12A8C13DE9F,2
00f09ee3d5e09e51c687471dbe378ab4ee85730a,SOIIVGZ12A8C1320CF,1
00f09ee3d5e09e51c687471dbe378ab4ee85730a,SOUTJYC12A6D4FB439,2
00f09ee3d5e09e51c687471dbe378ab4ee85730a,SOPLPJX12A8AE47756,1
00f09ee3d5e09e51c687471dbe378ab4ee85730a,SOGPBAW12A6D4F9F22,1
00f09ee3d5e09e51c687471dbe378ab4ee85730a,SOLEEYV12B0B80AD94,1
00f09ee3d5e09e51c687471dbe378ab4ee85730a,SOXQYSC12A6310E908,1
00f09ee3d5e09e51c687471dbe378ab4ee85730a,SOJVFKF12A8C136343,1
00f09ee3d5e09e51c687471dbe378ab4ee85730a,SOKXLFB12A8C137805,1
00f09ee3d5e09e51c687471dbe378ab4ee85730a,SOWOMMY127F8096DF9,1
00f09ee3d5e09e51c687471dbe378ab4ee85730a,SOVEBHA12A6701D223,1
00f09ee3d5e09e51c687471dbe378ab4ee85730a,SOVVYRW12A8C1325FE,1
00f09ee3d5e09e51c687471dbe378ab4ee85730a,SOJVNMX12A6702151D,2
00f09ee3d5e09e51c687471dbe378ab4ee85730a,SOKJYXL12A6D4F8248,1
01273f1895840c90759f292b90c11eda59a013f0,SOCFGIT12A8C13E64F,2
01273f1895840c90759f292b90c11eda59a013f0,SOHIROU12AB01852AF,1
01273f1895840c90759f292b90c11eda59a013f0,SORRCNC12A8C13FDA9,1
01273f1895840c90759f292b90c11eda59a013f0,SOUKTVI12A8C13BF74,1
01273f1895840c90759f292b90c11eda59a013f0,SOAXGDH12A8C13F8A1,26
01273f1895840c90759f292b90c11eda59a013f0,SONUEHX12AB017DB2C,5
01273f1895840c90759f292b90c11eda59a013f0,SOILFUU12AB017C75F,10
01273f1895840c90759f292b90c11eda59a013f0,SOCESFW12A58A7DC8C,5
01273f1895840c90759f292b90c11eda59a013f0,SOINKVP12A8C13BF5D,1
01273f1895840c90759f292b90c11eda59a013f0,SOGISVQ12A8C13AE9B,1
01273f1895840c90759f292b90c11eda59a013f0,SOOWVNN12A8C140775,7
01273f1895840c90759f292b90c11eda59a013f0,SOHNOOC12A8C13BF35,1
01315ac17bcff3c0631be5f49e765628b9ad5b07,SOJHUQN12A6D4F8EDE,1
01315ac17bcff3c0631be5f49e765628b9ad5b07,SOWOVYH12A58A776C4,1
01315ac17bcff3c0631be5f49e765628b9ad5b07,SOUJVIT12A8C1451C1,19
01315ac17bcff3c0631be5f49e765628b9ad5b07,SOWKDIT12A8151AE4E,5
01315ac17bcff3c0631be5f49e765628b9ad5b07,SOVORDN12AF72A4E66,1
01315ac17bcff3c0631be5f49e765628b9ad5b07,SOTCDVY12A6D4F7CF4,22
01315ac17bcff3c0631be5f49e765628b9ad5b07,SOMPOXS12AF729BBEF,1
01315ac17bcff3c0631be5f49e765628b9ad5b07,SOPZXWU12AB018228C,1
01315ac17bcff3c0631be5f49e765628b9ad5b07,SOYDERO12A6D4F72BC,1
01315ac17bcff3c0631be5f49e765628b9ad5b07,SOGZQVP12AB0180A06,4
01315ac17bcff3c0631be5f49e765628b9ad5b07,SOXVLPD12A8C138383,3
01315ac17bcff3c0631be5f49e765628b9ad5b07,SOPQLJJ12A8AE47E2D,1
01315ac17bcff3c0631be5f49e765628b9ad5b07,SOCXWJA12AB0189D52,1
0127a08c61092921634cac8d7b97d5dcbed2092c,SOCXIMB12AC3DFA9F5,1
0127a08c61092921634cac8d7b97d5dcbed2092c,SOMTLAQ12A6D4F7D59,1
0127a08c61092921634cac8d7b97d5dcbed2092c,SOCMHES12AB0186FCF,1
0127a08c61092921634cac8d7b97d5dcbed2092c,SOTSJDX12AF72A9AFD,1
0127a08c61092921634cac8d7b97d5dcbed2092c,SOGTHSZ12A6D4F68BC,1
0127a08c61092921634cac8d7b97d5dcbed2092c,SOOSZAZ12A6D4FADF8,1
0127a08c61092921634cac8d7b97d5dcbed2092c,SOYZCKT12A58A79036,1
0158c3eed5c409c21147dccdb23efe615304f38e,SOBZJVD12A8C13C796,2
0158c3eed5c409c21147dccdb23efe615304f38e,SORVEKH12A6D4F6CF2,3
0158c3eed5c409c21147dccdb23efe615304f38e,SORQQVH12A670215BB,2
0158c3eed5c409c21147dccdb23efe615304f38e,SOQKKEZ12A6D4FA3FD,1
0158c3eed5c409c21147dccdb23efe615304f38e,SOEKNMO12AF72A1918,1
0158c3eed5c409c21147dccdb23efe615304f38e,SOTEFLI12A6D4F4771,8
0158c3eed5c409c21147dccdb23efe615304f38e,SOYWLUN12A670202F6,1
0158c3eed5c409c21147dccdb23efe615304f38e,SOHVOHH12A67FFB328,1
0158c3eed5c409c21147dccdb23efe615304f38e,SOKCORQ12A58A7C74D,1
0158c3eed5c409c21147dccdb23efe615304f38e,SOYRRNW12AB017FC36,1
0158c3eed5c409c21147dccdb23efe615304f38e,SOXATNB12A67021530,2
0158c3eed5c409c21147dccdb23efe615304f38e,SOPVAVX12A6701F353,1
0158c3eed5c409c21147dccdb23efe615304f38e,SOFPJGB12A8C143EA1,3
0158c3eed5c409c21147dccdb23efe615304f38e,SOQBTMJ12A6D4FA41D,3
0158c3eed5c409c21147dccdb23efe615304f38e,SOUYQRD12A67020AEA,3
0158c3eed5c409c21147dccdb23efe615304f38e,SOOOLXL12AF72A1B61,1
0158c3eed5c409c21147dccdb23efe615304f38e,SODLFIT12A8C1373E3,1
0158c3eed5c409c21147dccdb23efe615304f38e,SOSOPTO12A8AE47E4A,1
0158c3eed5c409c21147dccdb23efe615304f38e,SOUANOU12A81C21E5F,1
0158c3eed5c409c21147dccdb23efe615304f38e,SODOWUC12AC9097E76,1
0158c3eed5c409c21147dccdb23efe615304f38e,SOXGDOO12A6D4F9748,3
0158c3eed5c409c21147dccdb23efe615304f38e,SOCYOTN12A8C13A4B1,9
0158c3eed5c409c21147dccdb23efe615304f38e,SOYCWZQ12A6701F1FC,2
0158c3eed5c409c21147dccdb23efe615304f38e,SOHYSXA12AB0186704,3
0158c3eed5c409c21147dccdb23efe615304f38e,SOXLBMW12AB017E56E,1
0158c3eed5c409c21147dccdb23efe615304f38e,SOCRYUK12AC95F0772,14
0158c3eed5c409c21147dccdb23efe615304f38e,SODJPQA12A81C20609,5
0158c3eed5c409c21147dccdb23efe615304f38e,SOGPBAW12A6D4F9F22,4
00847cafdfec65e7b4db5b6c084996ad324d6c29,SOUFRMB12A67AE24CD,5
00847cafdfec65e7b4db5b6c084996ad324d6c29,SOARADY12A58A7B8AB,5
00847cafdfec65e7b4db5b6c084996ad324d6c29,SONGCCY12A67021505,16
00847cafdfec65e7b4db5b6c084996ad324d6c29,SOOBDRI12A8C132391,4
00847cafdfec65e7b4db5b6c084996ad324d6c29,SOJDVCO12AC468533A,5
00847cafdfec65e7b4db5b6c084996ad324d6c29,SONTFSP12A6D4FAFE0,4
00847cafdfec65e7b4db5b6c084996ad324d6c29,SOTFJGS12AB017F577,1
00847cafdfec65e7b4db5b6c084996ad324d6c29,SOITMVX12AF72A089F,5
0119001362f891053b133e1012df31d574c56ef8,SOHCDOS12A8AE44A4A,1
0119001362f891053b133e1012df31d574c56ef8,SOMONAP12AB0181D21,1
0119001362f891053b133e1012df31d574c56ef8,SOSGAIT12AB018CC18,1
0119001362f891053b133e1012df31d574c56ef8,SOJHVZZ12A58A75BBE,3
0119001362f891053b133e1012df31d574c56ef8,SOVAJLY12A6D4FDC72,13
0119001362f891053b133e1012df31d574c56ef8,SOLRGNF12AB0187CF4,2
0119001362f891053b133e1012df31d574c56ef8,SOPZBVQ12AF72A21E6,3
0119001362f891053b133e1012df31d574c56ef8,SOHSWPV12A8C138D13,1
0119001362f891053b133e1012df31d574c56ef8,SOBQLDU12A8C13C20B,1
0119001362f891053b133e1012df31d574c56ef8,SOHSWUU12AB01843AE,1
0119001362f891053b133e1012df31d574c56ef8,SOOUYSC12AF729E6D9,1
0119001362f891053b133e1012df31d574c56ef8,SOEQAFI12A6D4F9673,1
0119001362f891053b133e1012df31d574c56ef8,SOGVXWR12AB01821A2,1
0119001362f891053b133e1012df31d574c56ef8,SOWRTJD12A8C132704,1
0119001362f891053b133e1012df31d574c56ef8,SOBEVGM12A67ADBCA7,1
01e272cbb2fb71b392b7374c5dbdd6ebdf7a1f2e,SOLZYFN12AF729F78B,1
01e272cbb2fb71b392b7374c5dbdd6ebdf7a1f2e,SOCAPJI12A8C143B34,1
01e272cbb2fb71b392b7374c5dbdd6ebdf7a1f2e,SOEZQPJ12A81C206E7,1
01e272cbb2fb71b392b7374c5dbdd6ebdf7a1f2e,SODSBRF12A8AE46C46,1
01e272cbb2fb71b392b7374c5dbdd6ebdf7a1f2e,SOGDLSU12AF72A4C7E,2
01e272cbb2fb71b392b7374c5dbdd6ebdf7a1f2e,SOOBUXN12AB01887FA,13
01e435cb34c98abf1b81574919a4876671449afb,SODZLWJ12AF729FB85,1
01e435cb34c98abf1b81574919a4876671449afb,SOYEQLD12AB017C713,1
01e435cb34c98abf1b81574919a4876671449afb,SOHFSSJ12AB0184CFB,1
01e435cb34c98abf1b81574919a4876671449afb,SOXIIIM12A6D4F66C8,1
01e435cb34c98abf1b81574919a4876671449afb,SOJGVYV12AB0185D3A,1
01e435cb34c98abf1b81574919a4876671449afb,SOCGPMY12A67ADA234,1
01e435cb34c98abf1b81574919a4876671449afb,SOIWBJU12A6701CBE7,1
01e435cb34c98abf1b81574919a4876671449afb,SOMTWFZ12AB0184E46,1
01e435cb34c98abf1b81574919a4876671449afb,SOKHMWI12A6D4F9764,1
01e435cb34c98abf1b81574919a4876671449afb,SOATJMN12AB0184D1E,1
01f9f157bfcbc6e17cbcbeaf42f4163006777a58,SOPVCWI12A8C135F14,5
01f9f157bfcbc6e17cbcbeaf42f4163006777a58,SOCKGNQ12AB0186E2E,5
01f9f157bfcbc6e17cbcbeaf42f4163006777a58,SOPAJGQ12AB017F47D,1
01f9f157bfcbc6e17cbcbeaf42f4163006777a58,SOWAOCL12AB017EDC4,5
01f9f157bfcbc6e17cbcbeaf42f4163006777a58,SOPCMUQ12A67ADA1C3,5
00bc2a7b8181d038c30e4b61f5043eb3ca5c3fc1,SOUAEHH12A8BED02CB,1
00bc2a7b8181d038c30e4b61f5043eb3ca5c3fc1,SOXNOYN12A6D4FB4B4,1
00bc2a7b8181d038c30e4b61f5043eb3ca5c3fc1,SOZSOMC12A6D4FA35A,1
00bc2a7b8181d038c30e4b61f5043eb3ca5c3fc1,SOHAHTQ12AB017AA32,1
00bc2a7b8181d038c30e4b61f5043eb3ca5c3fc1,SOITBNC12AF72A0B2A,1
00bc2a7b8181d038c30e4b61f5043eb3ca5c3fc1,SOFLJQZ12A6D4FADA6,1
00bc2a7b8181d038c30e4b61f5043eb3ca5c3fc1,SOHYRWW12A6D4F7A41,1
00bc2a7b8181d038c30e4b61f5043eb3ca5c3fc1,SODFLBU12A6D4FA5F2,1
00bc2a7b8181d038c30e4b61f5043eb3ca5c3fc1,SOPKMSM12AAA15FB7E,1
00bc2a7b8181d038c30e4b61f5043eb3ca5c3fc1,SOWPZTO12A8C13BCF2,1
00bc2a7b8181d038c30e4b61f5043eb3ca5c3fc1,SOVWKDY12A6D4F8D83,1
00bc2a7b8181d038c30e4b61f5043eb3ca5c3fc1,SOOSIWM12A670202B9,1
00bc2a7b8181d038c30e4b61f5043eb3ca5c3fc1,SOYEWFR12AB0189AB6,1
00bc2a7b8181d038c30e4b61f5043eb3ca5c3fc1,SOFUOAG12A6D4F7424,2
01e082e4d12532e07ea0686bf1a1cb0d569559b4,SOEAYQW12A8C132D20,1
01e082e4d12532e07ea0686bf1a1cb0d569559b4,SOLTHJL12AC468E7F2,2
01e082e4d12532e07ea0686bf1a1cb0d569559b4,SOBWFXM12AB0182808,1
01e082e4d12532e07ea0686bf1a1cb0d569559b4,SOUTGUB12AB017DC5B,7
01e082e4d12532e07ea0686bf1a1cb0d569559b4,SOXHHAO12A8C139833,1
01e082e4d12532e07ea0686bf1a1cb0d569559b4,SOKKKZW12A6D4F7F88,2
01e082e4d12532e07ea0686bf1a1cb0d569559b4,SOQVBDS12A8C143867,3
01e082e4d12532e07ea0686bf1a1cb0d569559b4,SOOLYZQ12A6D4FA5B7,1
01e082e4d12532e07ea0686bf1a1cb0d569559b4,SOHGFMT12A6D4FA66F,1
01e082e4d12532e07ea0686bf1a1cb0d569559b4,SOTFYIT12AB017FDB1,1
01e082e4d12532e07ea0686bf1a1cb0d569559b4,SOJIDVJ12AF729C7C4,1
01e082e4d12532e07ea0686bf1a1cb0d569559b4,SOYQKPA12A8C13F31A,2
01e082e4d12532e07ea0686bf1a1cb0d569559b4,SOWBTPS12A6D4FA5BE,1
01e082e4d12532e07ea0686bf1a1cb0d569559b4,SOKWRCB12A670214F5,1
01e082e4d12532e07ea0686bf1a1cb0d569559b4,SOVMADB12A8C137B96,1
01e082e4d12532e07ea0686bf1a1cb0d569559b4,SORNJET12A8C1415A8,7
01e082e4d12532e07ea0686bf1a1cb0d569559b4,SOAOSDF12A58A779F1,1
01e082e4d12532e07ea0686bf1a1cb0d569559b4,SOFWKCI12A8C13A22A,1
01e082e4d12532e07ea0686bf1a1cb0d569559b4,SOMNNJZ12A6D4F8B40,5
01e082e4d12532e07ea0686bf1a1cb0d569559b4,SOJYBGC12A8C1349DF,2
01e082e4d12532e07ea0686bf1a1cb0d569559b4,SOUZBUD12A8C13FD8E,1
01e082e4d12532e07ea0686bf1a1cb0d569559b4,SOFYQLR12A58A7C2E8,1
01e082e4d12532e07ea0686bf1a1cb0d569559b4,SOISNGZ12AC46887EA,1
01e082e4d12532e07ea0686bf1a1cb0d569559b4,SOFEKBW12A8C137B37,1
01e082e4d12532e07ea0686bf1a1cb0d569559b4,SOFSIKY12AF72A0807,1
01e082e4d12532e07ea0686bf1a1cb0d569559b4,SOBYDAA12A6D4F8847,3
01e082e4d12532e07ea0686bf1a1cb0d569559b4,SOGTMRB12A6D4F6B41,6
01d4261deec67f276a77ef920c49e496af20450c,SOQRPNJ12A67ADC992,1
01d4261deec67f276a77ef920c49e496af20450c,SOQWOOX12A6D4FA46B,1
01d4261deec67f276a77ef920c49e496af20450c,SOXHUQJ12A8C13C50E,1
01d4261deec67f276a77ef920c49e496af20450c,SODORNG12AB01831BF,1
01d4261deec67f276a77ef920c49e496af20450c,SOHLJUG12AF729FB5D,1
01d4261deec67f276a77ef920c49e496af20450c,SOGGRTL12A8C13D5D2,1
01d4261deec67f276a77ef920c49e496af20450c,SOIKTWI12AB017DB72,1
01d4261deec67f276a77ef920c49e496af20450c,SOPNUCC12AB01870AC,1
01d4261deec67f276a77ef920c49e496af20450c,SOMPBQG12AC3DF6169,1
01d4261deec67f276a77ef920c49e496af20450c,SOBZMSD12A6D4F96A6,1
01d4261deec67f276a77ef920c49e496af20450c,SOGCZMX12AB018A79F,2
01d4261deec67f276a77ef920c49e496af20450c,SORWUQX12A8C136740,1
01d4261deec67f276a77ef920c49e496af20450c,SOJWTKT12A8C132064,1
01d4261deec67f276a77ef920c49e496af20450c,SOBLIPF12AF729F53E,1
01d4261deec67f276a77ef920c49e496af20450c,SOXMIUS12A8C13CD59,1
01d4261deec67f276a77ef920c49e496af20450c,SORVBMQ12A8AE47100,1
01d4261deec67f276a77ef920c49e496af20450c,SOSGIVA12A58A7DA64,2
01d4261deec67f276a77ef920c49e496af20450c,SOKFDPJ12A8C132094,1
01d4261deec67f276a77ef920c49e496af20450c,SOGCXOA12AB01821FB,1
01d4261deec67f276a77ef920c49e496af20450c,SOKZEYC12A67ADD4A7,1
01d4261deec67f276a77ef920c49e496af20450c,SOAVTFX12AB0188D87,2
01d4261deec67f276a77ef920c49e496af20450c,SOVNGWS12A58A7C0D9,1
01d4261deec67f276a77ef920c49e496af20450c,SOLJWHN12AB017ACCE,1
01d4261deec67f276a77ef920c49e496af20450c,SOLEFQZ12A6D4F68FD,1
002f1333eadbdfb759c7ab88d38e2db606fb936a,SOBMCEI12A6D4F65BD,2
002f1333eadbdfb759c7ab88d38e2db606fb936a,SOZAFNE12AAF3B50E6,4
002f1333eadbdfb759c7ab88d38e2db606fb936a,SOWMCJR12AF729EC60,2
002f1333eadbdfb759c7ab88d38e2db606fb936a,SOAXHLH12A58A7C27E,1
002f1333eadbdfb759c7ab88d38e2db606fb936a,SOJTLLT12A8C136BBB,4
002f1333eadbdfb759c7ab88d38e2db606fb936a,SOGDTST12AB018B3AB,9
002f1333eadbdfb759c7ab88d38e2db606fb936a,SOOSHTH12A8C13657C,3
002f1333eadbdfb759c7ab88d38e2db606fb936a,SORKZUT12A58A79B20,1
002f1333eadbdfb759c7ab88d38e2db606fb936a,SOBQNEB12AAA15DA62,1
01371c9a68235cdfec13701a156022d6672f2f30,SOMONLC12AB018BB57,1
01371c9a68235cdfec13701a156022d6672f2f30,SONQDLI12AB0182F97,5
01371c9a68235cdfec13701a156022d6672f2f30,SOGVXLY12A8C135496,1
01371c9a68235cdfec13701a156022d6672f2f30,SOXWHOW12A8C13D3F6,1
01371c9a68235cdfec13701a156022d6672f2f30,SOUODFE12A58A80347,1
01371c9a68235cdfec13701a156022d6672f2f30,SOOKARQ12AB0189780,1
01371c9a68235cdfec13701a156022d6672f2f30,SOHOZFL12AB018266A,1
01371c9a68235cdfec13701a156022d6672f2f30,SOIEYML12A8C13E7D5,1
01371c9a68235cdfec13701a156022d6672f2f30,SOURJIK12A8C138182,1
01371c9a68235cdfec13701a156022d6672f2f30,SOLQGZZ12B0B8096E2,1
0216189734ccaa3b2329b81576c280f40c556f37,SOGXQGE12AB01872A3,1
0216189734ccaa3b2329b81576c280f40c556f37,SOFETTS12AF729EA44,1
0216189734ccaa3b2329b81576c280f40c556f37,SODAIMX12A6D4F74D6,1
0216189734ccaa3b2329b81576c280f40c556f37,SOQMLOV12A8C142A0C,1
0216189734ccaa3b2329b81576c280f40c556f37,SOJXLSE12A6D4F6E4F,1
0216189734ccaa3b2329b81576c280f40c556f37,SONKBBH12AF72A59FE,4
0216189734ccaa3b2329b81576c280f40c556f37,SOJRHTL12AF72A5096,1
0216189734ccaa3b2329b81576c280f40c556f37,SOTQUUJ12A8C141924,1
017b90005a7abe8abfa0c03ec457b2ed090a53a6,SOEWPZY12A6D4FB168,2
017b90005a7abe8abfa0c03ec457b2ed090a53a6,SOXGPFG12AB0183807,1
017b90005a7abe8abfa0c03ec457b2ed090a53a6,SOVFEIJ12A6D4FCB49,2
017b90005a7abe8abfa0c03ec457b2ed090a53a6,SOOXKIC12A8C145005,1
017b90005a7abe8abfa0c03ec457b2ed090a53a6,SOFQQYM12A8151AC3D,1
017b90005a7abe8abfa0c03ec457b2ed090a53a6,SOOEJXR12A58A7D3B2,4
017b90005a7abe8abfa0c03ec457b2ed090a53a6,SOCGTLS12AF72A579E,1
017b90005a7abe8abfa0c03ec457b2ed090a53a6,SOOBJKY12A8C14528C,1
017b90005a7abe8abfa0c03ec457b2ed090a53a6,SOWVDZR12A8C1327CB,1
00fafa9dfe19f005659b9cf5c6dbd7848519eb12,SOGUVDA12A67AD712A,1
00fafa9dfe19f005659b9cf5c6dbd7848519eb12,SOXLJXH12A8C13D903,6
00fafa9dfe19f005659b9cf5c6dbd7848519eb12,SORKDWS12A6701E6D9,1
00fafa9dfe19f005659b9cf5c6dbd7848519eb12,SOBOUPA12A6D4F81F1,3
00fafa9dfe19f005659b9cf5c6dbd7848519eb12,SOPUCYA12A8C13A694,1
00fafa9dfe19f005659b9cf5c6dbd7848519eb12,SOINXEO12A6D4F9969,1
00fafa9dfe19f005659b9cf5c6dbd7848519eb12,SOAXAPU12A67020EF9,1
00fafa9dfe19f005659b9cf5c6dbd7848519eb12,SORKVNZ12A6D4F8BAA,1
00fafa9dfe19f005659b9cf5c6dbd7848519eb12,SOLFFKJ12A8C137A3B,1
00fafa9dfe19f005659b9cf5c6dbd7848519eb12,SOWSKAJ12A81C232DC,1
00fafa9dfe19f005659b9cf5c6dbd7848519eb12,SOZXRWH12A6D4F8BA7,1
00fafa9dfe19f005659b9cf5c6dbd7848519eb12,SOHTKMO12AB01843B0,1
00fafa9dfe19f005659b9cf5c6dbd7848519eb12,SOOFYTN12A6D4F9B35,1
00fafa9dfe19f005659b9cf5c6dbd7848519eb12,SOKSLVO12AB01872CD,5
0073edc5ed61275bb29413486df554a99063ae55,SOVAUZD12A8C133ABA,3
0073edc5ed61275bb29413486df554a99063ae55,SOEECZF12A8C13D7A3,10
0073edc5ed61275bb29413486df554a99063ae55,SOSUDET12A58A7B0EA,10
0073edc5ed61275bb29413486df554a99063ae55,SORYFKC12A8C136EB4,1
0073edc5ed61275bb29413486df554a99063ae55,SOCKJWI12AB018006A,2
0073edc5ed61275bb29413486df554a99063ae55,SOWDGAT12A6D4F8739,1
0073edc5ed61275bb29413486df554a99063ae55,SOXRDTZ12A58A75CBB,1
0073edc5ed61275bb29413486df554a99063ae55,SORTVKN12A81C20B9F,1
0073edc5ed61275bb29413486df554a99063ae55,SOXAHKA12AF72A5A65,1
0073edc5ed61275bb29413486df554a99063ae55,SODNDDS12AB017F3D1,10
0073edc5ed61275bb29413486df554a99063ae55,SOLRJXU12AB018BB55,1
0073edc5ed61275bb29413486df554a99063ae55,SOWGCMN12A8C136E44,2
0073edc5ed61275bb29413486df554a99063ae55,SODXGNM12A6D4FC6A2,1
0073edc5ed61275bb29413486df554a99063ae55,SODUNQO12A8C135181,5
0073edc5ed61275bb29413486df554a99063ae55,SOVTLQW12AB0186641,1
0073edc5ed61275bb29413486df554a99063ae55,SOKKJDZ12A8C13650F,8
0073edc5ed61275bb29413486df554a99063ae55,SOMDBJK12A6D4F873A,8
0073edc5ed61275bb29413486df554a99063ae55,SOCRWHA12A67AE1D92,3
0073edc5ed61275bb29413486df554a99063ae55,SOCJWZY12A67021D18,1
0073edc5ed61275bb29413486df554a99063ae55,SOAFBSH12AC4688920,4
0073edc5ed61275bb29413486df554a99063ae55,SOVPAJA12A58A77B15,1
0073edc5ed61275bb29413486df554a99063ae55,SOFLJQZ12A6D4FADA6,1
0073edc5ed61275bb29413486df554a99063ae55,SOOENZJ12AB0187937,1
0073edc5ed61275bb29413486df554a99063ae55,SOORHZJ12A8C13BD3D,4
01d3b14c3a534227e774453f8f59fc58a2c912b0,SOEGBUG12A6D4FAF44,4
01d3b14c3a534227e774453f8f59fc58a2c912b0,SOYSADG12A8AE47F2C,1
01d3b14c3a534227e774453f8f59fc58a2c912b0,SOCNPTC12A8C144911,1
01d3b14c3a534227e774453f8f59fc58a2c912b0,SOLGPOU12A58A7EA20,3
01d3b14c3a534227e774453f8f59fc58a2c912b0,SOJIJWG12AAF3B46C0,1
01d3b14c3a534227e774453f8f59fc58a2c912b0,SOAUWYT12A81C206F1,1
01d3b14c3a534227e774453f8f59fc58a2c912b0,SOHKQHT12A8C13BDEF,1
01d3b14c3a534227e774453f8f59fc58a2c912b0,SODCNEE12A6310E037,3
01d3b14c3a534227e774453f8f59fc58a2c912b0,SOAPEHW12A8C1458F0,2
01d3b14c3a534227e774453f8f59fc58a2c912b0,SOBONKR12A58A7A7E0,1
01b65f177d99de64f0efded3654e2900f1cd377c,SOTVMLE12AB018168E,1
01b65f177d99de64f0efded3654e2900f1cd377c,SOEGOEL12AB018750B,1
01b65f177d99de64f0efded3654e2900f1cd377c,SONIQAM12AB018545A,2
01b65f177d99de64f0efded3654e2900f1cd377c,SOWGUKW12A58A76546,5
01b65f177d99de64f0efded3654e2900f1cd377c,SOJDMXM12A6701EEEF,10
01b65f177d99de64f0efded3654e2900f1cd377c,SOAXGDH12A8C13F8A1,1
01b65f177d99de64f0efded3654e2900f1cd377c,SOMCAFM12A58A7B024,13
01b65f177d99de64f0efded3654e2900f1cd377c,SOAZOYN12A6701EEF2,16
01b65f177d99de64f0efded3654e2900f1cd377c,SOWLFNL12AB017DB20,2
01b65f177d99de64f0efded3654e2900f1cd377c,SOXVQQQ12A58A78325,3
01b65f177d99de64f0efded3654e2900f1cd377c,SOODSPH12AB01819C3,1
01b65f177d99de64f0efded3654e2900f1cd377c,SOJNICV12A6D4F742F,1
01b65f177d99de64f0efded3654e2900f1cd377c,SOKLILR12AB01863A1,1
01b65f177d99de64f0efded3654e2900f1cd377c,SOTBQCY12A6D4F9E32,3
01b65f177d99de64f0efded3654e2900f1cd377c,SOCOIXX12A58A7B7F8,1
01b65f177d99de64f0efded3654e2900f1cd377c,SOZKMKN12A8C13987E,1
01b65f177d99de64f0efded3654e2900f1cd377c,SOUHBAC12AB01816FE,2
01b65f177d99de64f0efded3654e2900f1cd377c,SOXPFLM12A8AE48C50,2
01f3863bdecef49f087a0f0f4eeb289dcac44c4e,SOPBFHP12A8C131F30,2
01f3863bdecef49f087a0f0f4eeb289dcac44c4e,SOYWENS12AB0180B01,1
01f3863bdecef49f087a0f0f4eeb289dcac44c4e,SOXDUSG12A8C134034,10
01f3863bdecef49f087a0f0f4eeb289dcac44c4e,SOMCHRF12A6D4FA1B7,1
01f3863bdecef49f087a0f0f4eeb289dcac44c4e,SOCECZH12AB017FC28,2
01f3863bdecef49f087a0f0f4eeb289dcac44c4e,SOTNWCI12AAF3B2028,1
01f3863bdecef49f087a0f0f4eeb289dcac44c4e,SOQARNI12A8C141964,2
01f3863bdecef49f087a0f0f4eeb289dcac44c4e,SORRBVQ12A58A7AA33,2
01f3863bdecef49f087a0f0f4eeb289dcac44c4e,SOKRFEJ12AAF3B15AD,1
01f3863bdecef49f087a0f0f4eeb289dcac44c4e,SOTFAUY12AB017D5D9,1
01f3863bdecef49f087a0f0f4eeb289dcac44c4e,SOPRNPU12A8C13C7E4,1
01f3863bdecef49f087a0f0f4eeb289dcac44c4e,SOXJJWK12AB01810E6,1
01f3863bdecef49f087a0f0f4eeb289dcac44c4e,SOWYFFH12AAF3B4C65,1
01f3863bdecef49f087a0f0f4eeb289dcac44c4e,SOWUOCJ12A58A7BA98,1
01f3863bdecef49f087a0f0f4eeb289dcac44c4e,SOWARJF12AB018959B,1
000b22f91d4992dba3a80025493059f972a7850e,SOSNJIT12A8159E8DB,3
000b22f91d4992dba3a80025493059f972a7850e,SOJDWBY12A8C13F6B2,1
000b22f91d4992dba3a80025493059f972a7850e,SOSLZXV12A8C1354C9,5
000b22f91d4992dba3a80025493059f972a7850e,SOSRHGG12A8C145143,5
000b22f91d4992dba3a80025493059f972a7850e,SOAYRWQ12A6D4F7C18,1
007728ed7c706deddf38e67a8472b13b17075712,SODAYSB12AB0180406,1
007728ed7c706deddf38e67a8472b13b17075712,SOXXBZK12A8C141A8F,1
007728ed7c706deddf38e67a8472b13b17075712,SOSCXDT12A6D4F6C39,1
007728ed7c706deddf38e67a8472b13b17075712,SOTBQRB12A8C13E06F,1
007728ed7c706deddf38e67a8472b13b17075712,SOTCHRM12AC4689111,4
0076bd7940884eea0e053796f4d152c969b4e096,SOZXGGW12AB017E163,1
0076bd7940884eea0e053796f4d152c969b4e096,SORIMGE12AB017BF17,1
0076bd7940884eea0e053796f4d152c969b4e096,SOMMDDX12AB0183715,1
0076bd7940884eea0e053796f4d152c969b4e096,SOERYZW12AB0186396,1
0076bd7940884eea0e053796f4d152c969b4e096,SOZUSUH12A8C14452F,1
01dd377d32a37b0d623c89e0d201becd615254b9,SOYPTLQ12AB0188341,3
01dd377d32a37b0d623c89e0d201becd615254b9,SODXVAX12A6D4FCC60,2
01dd377d32a37b0d623c89e0d201becd615254b9,SOXBCZH12A67ADAD77,2
01dd377d32a37b0d623c89e0d201becd615254b9,SORHSJO12AB0182C7D,1
01dd377d32a37b0d623c89e0d201becd615254b9,SOXPENE12AB017CAB5,1
01dd377d32a37b0d623c89e0d201becd615254b9,SOTRELQ12AB01871C9,2
01dd377d32a37b0d623c89e0d201becd615254b9,SOOCWGH12AC960DA0E,1
00f7b2fc058091931bfe4fbd6401399e7efaa1bf,SOXOEGY12AB0188F88,1
00f7b2fc058091931bfe4fbd6401399e7efaa1bf,SODVPJB12AB0188F95,3
00f7b2fc058091931bfe4fbd6401399e7efaa1bf,SOZVSBL1288D3EEEFD,1
00f7b2fc058091931bfe4fbd6401399e7efaa1bf,SOONINK12AB0188F8D,2
00f7b2fc058091931bfe4fbd6401399e7efaa1bf,SOREXEJ12AB0188FA5,5
01cba8b1c4f9d574f95249a738ab32ae50e0ac12,SOUBORB12AB017D0B6,3
01cba8b1c4f9d574f95249a738ab32ae50e0ac12,SOUNJIO12AB0181339,1
01cba8b1c4f9d574f95249a738ab32ae50e0ac12,SOWEFXC12A6D4FA230,7
01cba8b1c4f9d574f95249a738ab32ae50e0ac12,SOSXLTC12AF72A7F54,1
01cba8b1c4f9d574f95249a738ab32ae50e0ac12,SOFRQTD12A81C233C0,4
01cba8b1c4f9d574f95249a738ab32ae50e0ac12,SOXAQJS12AB018CBF7,1
0131180e7daf92f6e4135820261297bed5e1a30a,SOCBSZW12AB01891C1,1
0131180e7daf92f6e4135820261297bed5e1a30a,SOBONKR12A58A7A7E0,5
0131180e7daf92f6e4135820261297bed5e1a30a,SOALROV12A6D4F91F9,5
0131180e7daf92f6e4135820261297bed5e1a30a,SOCHTHF12AB017E206,1
0131180e7daf92f6e4135820261297bed5e1a30a,SOJTLUY12A58A7D1E3,1
0131180e7daf92f6e4135820261297bed5e1a30a,SOBOAFP12A8C131F36,5
0131180e7daf92f6e4135820261297bed5e1a30a,SOFRQTD12A81C233C0,1
009911b0626455bfa94ba6dad8e7b1ff1788d222,SOPRAYP12A6D4F904C,1
009911b0626455bfa94ba6dad8e7b1ff1788d222,SOJGAEP12A67021555,1
009911b0626455bfa94ba6dad8e7b1ff1788d222,SOGJMJH12A6702154D,1
009911b0626455bfa94ba6dad8e7b1ff1788d222,SOKPWKZ12AB0182223,4
009911b0626455bfa94ba6dad8e7b1ff1788d222,SOPKEIV12AB018220D,1
009911b0626455bfa94ba6dad8e7b1ff1788d222,SODCOKD12A8C138E59,5
009911b0626455bfa94ba6dad8e7b1ff1788d222,SOUYDFT12AB01821B5,2
009911b0626455bfa94ba6dad8e7b1ff1788d222,SOBITYB12AB01830F5,1
009911b0626455bfa94ba6dad8e7b1ff1788d222,SOTBDZO12A8C13DAE4,1
0003798d61a8010dbfd8010180b7107cbbb8a649,SOHYSXA12AB0186704,2
0003798d61a8010dbfd8010180b7107cbbb8a649,SOTWSXL12A8C143349,2
0003798d61a8010dbfd8010180b7107cbbb8a649,SOETKSY12A8C13C666,1
0003798d61a8010dbfd8010180b7107cbbb8a649,SOCHTHF12AB017E206,2
0003798d61a8010dbfd8010180b7107cbbb8a649,SOKRAMY12A8C140804,2
0003798d61a8010dbfd8010180b7107cbbb8a649,SONQJCU12A8C144398,3
0003798d61a8010dbfd8010180b7107cbbb8a649,SOJAFFL12A6D4F8F68,1
0003798d61a8010dbfd8010180b7107cbbb8a649,SOMXDFJ12AB0183B34,1
0003798d61a8010dbfd8010180b7107cbbb8a649,SODOWUC12AC9097E76,1
0003798d61a8010dbfd8010180b7107cbbb8a649,SOSROFB12AAF3B4C5D,1
0003798d61a8010dbfd8010180b7107cbbb8a649,SOLFXKT12AB017E3E0,1
0003798d61a8010dbfd8010180b7107cbbb8a649,SOQIPYO12AAF3B5B1D,2
0003798d61a8010dbfd8010180b7107cbbb8a649,SOAXGDH12A8C13F8A1,4
0003798d61a8010dbfd8010180b7107cbbb8a649,SOOLWEJ12AB0186DA4,1
0003798d61a8010dbfd8010180b7107cbbb8a649,SOUVGJL12AB017FC35,3
0003798d61a8010dbfd8010180b7107cbbb8a649,SODGJKH12AAA8C9487,1
0003798d61a8010dbfd8010180b7107cbbb8a649,SOFRQTD12A81C233C0,1
0003798d61a8010dbfd8010180b7107cbbb8a649,SOUSZSW12AB01800C2,1
0003798d61a8010dbfd8010180b7107cbbb8a649,SOLRGVL12A8C143BC3,1
0003798d61a8010dbfd8010180b7107cbbb8a649,SOWKQYL12AB0183B15,1
0003798d61a8010dbfd8010180b7107cbbb8a649,SOIDDNJ12AC9071B90,1
02087cf09a4ef4e773c4f623de22a4284f5c52a5,SOQJLWB12A6701E7B3,1
02087cf09a4ef4e773c4f623de22a4284f5c52a5,SODZLWJ12AF729FB85,1
02087cf09a4ef4e773c4f623de22a4284f5c52a5,SOPQGWI12A8C135DDB,1
02087cf09a4ef4e773c4f623de22a4284f5c52a5,SOHDSVJ12A6D4F93FF,8
02087cf09a4ef4e773c4f623de22a4284f5c52a5,SOTJQZN12AF72AA288,8
02087cf09a4ef4e773c4f623de22a4284f5c52a5,SOAMPRJ12A8AE45F38,1
02087cf09a4ef4e773c4f623de22a4284f5c52a5,SONGIXY12A58A7BB42,2
02087cf09a4ef4e773c4f623de22a4284f5c52a5,SOATNYF12AF72A8D48,11
02087cf09a4ef4e773c4f623de22a4284f5c52a5,SOWMGHQ12A6D4F914D,2
02087cf09a4ef4e773c4f623de22a4284f5c52a5,SOYLLGK12A81C217A1,1
02087cf09a4ef4e773c4f623de22a4284f5c52a5,SONZUTP12AF72AACC9,9
02087cf09a4ef4e773c4f623de22a4284f5c52a5,SODMASJ12AF729E6FA,8
02087cf09a4ef4e773c4f623de22a4284f5c52a5,SOXILLO12A6310F1B6,2
02087cf09a4ef4e773c4f623de22a4284f5c52a5,SOSLQZV12AB018C818,3
02087cf09a4ef4e773c4f623de22a4284f5c52a5,SOBFMHC12A6D4F9401,8
02087cf09a4ef4e773c4f623de22a4284f5c52a5,SOEWYLX12A6D4F8E5F,11
02087cf09a4ef4e773c4f623de22a4284f5c52a5,SOEPZQS12A8C1436C7,1
02087cf09a4ef4e773c4f623de22a4284f5c52a5,SOMTTXF12A8C1428A9,1
02087cf09a4ef4e773c4f623de22a4284f5c52a5,SOVOKGC12A58A7DF6B,2
02087cf09a4ef4e773c4f623de22a4284f5c52a5,SORNLGA12A8C1407B1,1
02087cf09a4ef4e773c4f623de22a4284f5c52a5,SOIXMXZ12A8C137923,1
01cbcd6c4eab51983feb4186d7fff9d37b786a0e,SOQWKRO12AB0183752,1
01cbcd6c4eab51983feb4186d7fff9d37b786a0e,SOZDKUJ12AF72AA7DB,1
01cbcd6c4eab51983feb4186d7fff9d37b786a0e,SOABJBU12A8C13F63F,1
01cbcd6c4eab51983feb4186d7fff9d37b786a0e,SOUCPBK12A58A7881A,1
01cbcd6c4eab51983feb4186d7fff9d37b786a0e,SOQTYPY12A8C13F642,1
01cbcd6c4eab51983feb4186d7fff9d37b786a0e,SOZDTTJ12AB0183DFE,1
01cbcd6c4eab51983feb4186d7fff9d37b786a0e,SOTVLQY12A58A798C2,1
01cbcd6c4eab51983feb4186d7fff9d37b786a0e,SODJGMK12A6D4F93DB,1
01cbcd6c4eab51983feb4186d7fff9d37b786a0e,SONYKOW12AB01849C9,1
01cbcd6c4eab51983feb4186d7fff9d37b786a0e,SOJBZVF12AC3DF5728,1
01cbcd6c4eab51983feb4186d7fff9d37b786a0e,SOXGSWF12A8C13D373,2
01cbcd6c4eab51983feb4186d7fff9d37b786a0e,SOLFXKT12AB017E3E0,1
0102878d76b4ffe6d5222d88366ba8d213154ac9,SOVEDVX12AF72A269E,1
0102878d76b4ffe6d5222d88366ba8d213154ac9,SOMQRLT12A6D4FCD10,1
0102878d76b4ffe6d5222d88366ba8d213154ac9,SOGDDKR12A6701E8FA,1
0102878d76b4ffe6d5222d88366ba8d213154ac9,SOMHLHX12A58A7AA5B,5
0102878d76b4ffe6d5222d88366ba8d213154ac9,SORYRJI12A8C132747,1
0102878d76b4ffe6d5222d88366ba8d213154ac9,SOUKMKR12A8C141925,1
01e4eb8b01dbc31ef8fe64ca57b579ec4527f5fa,SODTCOD12A8C14153A,1
01e4eb8b01dbc31ef8fe64ca57b579ec4527f5fa,SODREZL12A6D4F7D16,3
01e4eb8b01dbc31ef8fe64ca57b579ec4527f5fa,SORIBAR12AC468D3E7,4
01e4eb8b01dbc31ef8fe64ca57b579ec4527f5fa,SOULTKQ12AB018A183,2
01e4eb8b01dbc31ef8fe64ca57b579ec4527f5fa,SOKTJKI12A8C143254,1
01e4eb8b01dbc31ef8fe64ca57b579ec4527f5fa,SOWKQYL12AB0183B15,2
01e4eb8b01dbc31ef8fe64ca57b579ec4527f5fa,SODFCYY12A58A78381,3
01e4eb8b01dbc31ef8fe64ca57b579ec4527f5fa,SOIPOMZ12AB018D914,3
01e4eb8b01dbc31ef8fe64ca57b579ec4527f5fa,SOFSXEB12A6D4FD06A,1
01e4eb8b01dbc31ef8fe64ca57b579ec4527f5fa,SOPTEKP12A8C141E5F,1
01e4eb8b01dbc31ef8fe64ca57b579ec4527f5fa,SOVWYTV12A58A7F23F,1
01e4eb8b01dbc31ef8fe64ca57b579ec4527f5fa,SOLIFHW12AB018A93E,1
01e4eb8b01dbc31ef8fe64ca57b579ec4527f5fa,SOKDQQY12A6D4FBF14,22
01e4eb8b01dbc31ef8fe64ca57b579ec4527f5fa,SOKXECM12A8C130FC1,1
01e4eb8b01dbc31ef8fe64ca57b579ec4527f5fa,SOAKIMP12A8C130995,1
01e4eb8b01dbc31ef8fe64ca57b579ec4527f5fa,SOLFXKT12AB017E3E0,1
01e4eb8b01dbc31ef8fe64ca57b579ec4527f5fa,SOFNCMG12AB0187535,3
01e4eb8b01dbc31ef8fe64ca57b579ec4527f5fa,SOUCIME12A8C1432EB,3
01e4eb8b01dbc31ef8fe64ca57b579ec4527f5fa,SOSMUIX12A8159E960,1
01e4eb8b01dbc31ef8fe64ca57b579ec4527f5fa,SOEDHVK12A6D4F50AE,1
01e4eb8b01dbc31ef8fe64ca57b579ec4527f5fa,SOYCOIQ12A6D4F6E50,1
01e4eb8b01dbc31ef8fe64ca57b579ec4527f5fa,SOSBEAB12A6D4FACF3,3
01e4eb8b01dbc31ef8fe64ca57b579ec4527f5fa,SOBQYCF12AC909726F,1
01e4eb8b01dbc31ef8fe64ca57b579ec4527f5fa,SOVHPUT12A81C22A56,1
01e4eb8b01dbc31ef8fe64ca57b579ec4527f5fa,SOSDGUX12AB01802FE,2
01e4eb8b01dbc31ef8fe64ca57b579ec4527f5fa,SOWCKVR12A8C142411,2
01e4eb8b01dbc31ef8fe64ca57b579ec4527f5fa,SOFBNMW12A8C13D372,2
01e4eb8b01dbc31ef8fe64ca57b579ec4527f5fa,SOWBNGK12A8C143932,3
012f342fca4dbb7a929c04d5a8f1d9493e662881,SOGFKIP12AB0184424,4
012f342fca4dbb7a929c04d5a8f1d9493e662881,SOGDDBT12A6D4FB236,4
012f342fca4dbb7a929c04d5a8f1d9493e662881,SOHQFVC12A58A7B234,4
012f342fca4dbb7a929c04d5a8f1d9493e662881,SOCXGVO12A6310DBC2,6
012f342fca4dbb7a929c04d5a8f1d9493e662881,SOJXCFA12A8C144BB6,1
012f342fca4dbb7a929c04d5a8f1d9493e662881,SOTZOSL12A6D4F7793,32
012f342fca4dbb7a929c04d5a8f1d9493e662881,SOUEFDV12AF72ACC14,5
012f342fca4dbb7a929c04d5a8f1d9493e662881,SOXVMYD12A8C13D029,5
012f342fca4dbb7a929c04d5a8f1d9493e662881,SOSUHAR12A58A7899C,5
012f342fca4dbb7a929c04d5a8f1d9493e662881,SOHABYI12AF72A9C93,5
012f342fca4dbb7a929c04d5a8f1d9493e662881,SOJSKRC12A6D4F7A12,4
012f342fca4dbb7a929c04d5a8f1d9493e662881,SOOZEMT12A8C1359B1,5
01c51dc59297ba9d2b33a9437260426912e8f2dd,SOVLJHG12A81C21AA0,1
01c51dc59297ba9d2b33a9437260426912e8f2dd,SOUGCDK12AC95F075F,1
01c51dc59297ba9d2b33a9437260426912e8f2dd,SOGVSOC12A58A7B0F7,1
01c51dc59297ba9d2b33a9437260426912e8f2dd,SOBJBEU12AF729D526,1
01c51dc59297ba9d2b33a9437260426912e8f2dd,SOYBRAC12AB01884D9,1
01c51dc59297ba9d2b33a9437260426912e8f2dd,SORLFAO12A58A7B81E,1
00f1b480e5de781df9ebe70bd73a6350bd8b4c86,SOKFIMK12A58A7D952,10
00f1b480e5de781df9ebe70bd73a6350bd8b4c86,SOEVARI12A8C13C196,1
00f1b480e5de781df9ebe70bd73a6350bd8b4c86,SONJRRU12AB017D64E,1
00f1b480e5de781df9ebe70bd73a6350bd8b4c86,SONXWJM12A67ADD878,20
00f1b480e5de781df9ebe70bd73a6350bd8b4c86,SOLCVKA12AB017F597,1
0208f8692e0af38f05b46b65794e783970f968d5,SODJPQU12A8159E8AE,1
0208f8692e0af38f05b46b65794e783970f968d5,SOGJFZJ12AB017C2B5,1
0208f8692e0af38f05b46b65794e783970f968d5,SORUGQQ12A8C13CE0D,13
0208f8692e0af38f05b46b65794e783970f968d5,SOVVQMO12AB0185932,3
0208f8692e0af38f05b46b65794e783970f968d5,SOXSQBN12A8C140120,10
0208f8692e0af38f05b46b65794e783970f968d5,SOVHVJC12A8C144B7C,1
0208f8692e0af38f05b46b65794e783970f968d5,SOBQXYP12A6D4F8F71,5
0056497acc87e6a548603dfe6eba165df09c3242,SOHSQWQ12AB0184CE2,1
0056497acc87e6a548603dfe6eba165df09c3242,SOVJZAS12A8C131BFB,4
0056497acc87e6a548603dfe6eba165df09c3242,SOGQKJF12A8C135BC4,1
0056497acc87e6a548603dfe6eba165df09c3242,SOIPXXX12A67ADD3E7,5
0056497acc87e6a548603dfe6eba165df09c3242,SOEVZCH12AB017BDD4,1
0056497acc87e6a548603dfe6eba165df09c3242,SOPNEUT12A6D4F706F,3
0056497acc87e6a548603dfe6eba165df09c3242,SOZVUCT12A8C1424BE,1
0056497acc87e6a548603dfe6eba165df09c3242,SOUBACI12AF72A47A9,2
0056497acc87e6a548603dfe6eba165df09c3242,SOCAFQG12A6701DEB5,3
0056497acc87e6a548603dfe6eba165df09c3242,SOLVFKS12A58A778DE,3
0056497acc87e6a548603dfe6eba165df09c3242,SOZMINK12AF72AAC26,7
0056497acc87e6a548603dfe6eba165df09c3242,SORYCTJ12A8C138AC3,2
0056497acc87e6a548603dfe6eba165df09c3242,SONGIIY12AB0184492,4
0056497acc87e6a548603dfe6eba165df09c3242,SOHTWNJ12A6701D0EB,4
0056497acc87e6a548603dfe6eba165df09c3242,SOYOIMF12A8C135BF4,1
0056497acc87e6a548603dfe6eba165df09c3242,SOWGAUP12A6D4F7009,1
0056497acc87e6a548603dfe6eba165df09c3242,SOZLFWF12A8C132FF7,3
0056497acc87e6a548603dfe6eba165df09c3242,SOHGLWN12A8C137147,7
0056497acc87e6a548603dfe6eba165df09c3242,SOYOZJH12A8C14216C,2
0056497acc87e6a548603dfe6eba165df09c3242,SOJXVLM12A6701D0EE,1
01fca1d393c652934eea5256eecb4b4ad6548ff1,SOZHOYD12A6D4F837C,4
01fca1d393c652934eea5256eecb4b4ad6548ff1,SOMBHWZ12A58A7D10C,25
01fca1d393c652934eea5256eecb4b4ad6548ff1,SOKRJVR12A6D4F6152,12
01fca1d393c652934eea5256eecb4b4ad6548ff1,SOXVZRL12A6D4F58F4,3
01fca1d393c652934eea5256eecb4b4ad6548ff1,SOSATSP12A6310D810,1
01fca1d393c652934eea5256eecb4b4ad6548ff1,SOHSJSF12A67AD861E,5
01fca1d393c652934eea5256eecb4b4ad6548ff1,SOZDYMX12A58A7D443,12
01fca1d393c652934eea5256eecb4b4ad6548ff1,SOOQDLN12A6D4F6154,13
01fca1d393c652934eea5256eecb4b4ad6548ff1,SOBKQJB12A58A77C52,10
01fca1d393c652934eea5256eecb4b4ad6548ff1,SOANOOY12A6D4F58CE,2
01fca1d393c652934eea5256eecb4b4ad6548ff1,SOGVSOC12A58A7B0F7,4
0227f4cf8d64e5a3e5118c04fe583a2f9ea8abb0,SOPFMTG12A58A792E7,1
0227f4cf8d64e5a3e5118c04fe583a2f9ea8abb0,SOVPMLS12A6D4F5850,1
0227f4cf8d64e5a3e5118c04fe583a2f9ea8abb0,SOSKYPB12A8C1401F4,1
0227f4cf8d64e5a3e5118c04fe583a2f9ea8abb0,SOOOCIE12A8C14391A,1
0227f4cf8d64e5a3e5118c04fe583a2f9ea8abb0,SOXPZKK12AB01837A6,1
0214f58e8436e2915ea8e05bc7ee98924aefde56,SOTRMQC12AB0181429,1
0214f58e8436e2915ea8e05bc7ee98924aefde56,SOQEGOS12AC4685FE7,19
0214f58e8436e2915ea8e05bc7ee98924aefde56,SOKIYKQ12A8AE464FC,138
0214f58e8436e2915ea8e05bc7ee98924aefde56,SOUQPNL12A8C13728D,19
0214f58e8436e2915ea8e05bc7ee98924aefde56,SOINHRP12A8C1401FF,5
0214f58e8436e2915ea8e05bc7ee98924aefde56,SOKGUFN12AF72A0D38,2
0214f58e8436e2915ea8e05bc7ee98924aefde56,SOEDMKZ12A6D4F8D40,1
0214f58e8436e2915ea8e05bc7ee98924aefde56,SOCTZQG12AB0180699,1
0214f58e8436e2915ea8e05bc7ee98924aefde56,SOKMQXZ12A8C136133,1
0214f58e8436e2915ea8e05bc7ee98924aefde56,SOKBEZD12A8151BA68,3
0214f58e8436e2915ea8e05bc7ee98924aefde56,SOLBFZJ12A8C1445B8,1
0214f58e8436e2915ea8e05bc7ee98924aefde56,SOJHVZZ12A58A75BBE,1
0214f58e8436e2915ea8e05bc7ee98924aefde56,SOLHJSQ12AB018CE33,1
0214f58e8436e2915ea8e05bc7ee98924aefde56,SOGTGQO12A6701FB9E,1
0214f58e8436e2915ea8e05bc7ee98924aefde56,SOLMKTS12A8AE46C27,1
01a0b29ad7895883f0bf02723beb43d73c96dc9c,SOMBLEB12AF72A2F12,1
01a0b29ad7895883f0bf02723beb43d73c96dc9c,SOQJRPD12A6D4F9B38,1
01a0b29ad7895883f0bf02723beb43d73c96dc9c,SOFKQXJ12A6D4F9E39,2
01a0b29ad7895883f0bf02723beb43d73c96dc9c,SOIKUJP12AB017EAEF,1
01a0b29ad7895883f0bf02723beb43d73c96dc9c,SOCHSJD12A6D4F926E,1
01a0b29ad7895883f0bf02723beb43d73c96dc9c,SOFPTMF12A6D4F7444,1
01a0b29ad7895883f0bf02723beb43d73c96dc9c,SOCLMTW12A6701FA08,1
01a0b29ad7895883f0bf02723beb43d73c96dc9c,SOGSZVC12A6D4F7442,1
01a0b29ad7895883f0bf02723beb43d73c96dc9c,SOJFLUT12A6D4F9273,2
01a0b29ad7895883f0bf02723beb43d73c96dc9c,SOPBKYF12A8C13BAFF,1
01a0b29ad7895883f0bf02723beb43d73c96dc9c,SOOJUOE12A8C137A97,1
01a0b29ad7895883f0bf02723beb43d73c96dc9c,SOBTQIW12AB0181E81,1
01a0b29ad7895883f0bf02723beb43d73c96dc9c,SOONSDQ12A6D4F9B37,2
01a0b29ad7895883f0bf02723beb43d73c96dc9c,SOFEOVT12A58A78DF3,1
01a0b29ad7895883f0bf02723beb43d73c96dc9c,SOJEQSU12A6D4F7445,2
0028f6d59b017142f1e5e430d7bc3e92206aae71,SOUUZPU12A6701FB90,1
0028f6d59b017142f1e5e430d7bc3e92206aae71,SOPQLBY12A6310E992,3
0028f6d59b017142f1e5e430d7bc3e92206aae71,SOZSMVS12AAF3B4FAA,1
0028f6d59b017142f1e5e430d7bc3e92206aae71,SOIRDPX12AB017F32C,1
0028f6d59b017142f1e5e430d7bc3e92206aae71,SOQNIXK12A6D4FBC63,2
0028f6d59b017142f1e5e430d7bc3e92206aae71,SOPXFGP12A8C13FA9F,1
0028f6d59b017142f1e5e430d7bc3e92206aae71,SOEEIPC12A8C143C44,1
0028f6d59b017142f1e5e430d7bc3e92206aae71,SOKUPAO12AB018D576,2
0028f6d59b017142f1e5e430d7bc3e92206aae71,SOYWRLV12AB0186090,2
0028f6d59b017142f1e5e430d7bc3e92206aae71,SOWPLVJ12AB0183586,4
0028f6d59b017142f1e5e430d7bc3e92206aae71,SOPSAEJ12A58A7DA0F,1
0028f6d59b017142f1e5e430d7bc3e92206aae71,SODDNDV12AF72A986E,1
0028f6d59b017142f1e5e430d7bc3e92206aae71,SODZYCK12A81C22463,1
021831d530a1510b3fd801a2e43a29c4123f45be,SOYMGAW12AB017ED4C,1
021831d530a1510b3fd801a2e43a29c4123f45be,SOUIXFD12A8C133AE6,6
021831d530a1510b3fd801a2e43a29c4123f45be,SODZHVJ12A8C13DB29,3
021831d530a1510b3fd801a2e43a29c4123f45be,SOJKARY12A6701ED3F,1
021831d530a1510b3fd801a2e43a29c4123f45be,SOHFGKG12A6701C429,57
00f18c82e0b2140bfa061fc2944dded6c17117e8,SONAISQ12A81C2236D,2
00f18c82e0b2140bfa061fc2944dded6c17117e8,SOOQWXY12A8C136E77,22
00f18c82e0b2140bfa061fc2944dded6c17117e8,SOSQHKY12A58A77815,1
00f18c82e0b2140bfa061fc2944dded6c17117e8,SOPYRXU12A58A784CA,6
00f18c82e0b2140bfa061fc2944dded6c17117e8,SOABNPW12A6D4FC9B5,2
00f18c82e0b2140bfa061fc2944dded6c17117e8,SOTNHIP12AB0183131,4
00f18c82e0b2140bfa061fc2944dded6c17117e8,SOMJIHO12A8C13E4AA,1
00f18c82e0b2140bfa061fc2944dded6c17117e8,SOLGPOU12A58A7EA20,11
00f18c82e0b2140bfa061fc2944dded6c17117e8,SOFXDVI12AB0187514,17
00f18c82e0b2140bfa061fc2944dded6c17117e8,SOMRFHJ12A8C1334AB,14
00f18c82e0b2140bfa061fc2944dded6c17117e8,SOZJSSS12B0B808429,1
00f18c82e0b2140bfa061fc2944dded6c17117e8,SOYVDID12A8C13E3D4,1
00f18c82e0b2140bfa061fc2944dded6c17117e8,SOGYAED12A6D4F8232,19
00f18c82e0b2140bfa061fc2944dded6c17117e8,SOEGIYH12A6D4FC0E3,12
00f18c82e0b2140bfa061fc2944dded6c17117e8,SOGAGGW12A8C144135,1
00f18c82e0b2140bfa061fc2944dded6c17117e8,SOEOLTC12A8C13B258,1
00f18c82e0b2140bfa061fc2944dded6c17117e8,SOWIPUC12A6D4F95AE,1
00f18c82e0b2140bfa061fc2944dded6c17117e8,SONMBPQ12A6D4F95A3,1
00f18c82e0b2140bfa061fc2944dded6c17117e8,SOWXDVT12B0B80BFA3,18
00f18c82e0b2140bfa061fc2944dded6c17117e8,SOIESKU12A8C134DCA,1
00f18c82e0b2140bfa061fc2944dded6c17117e8,SOFAUGZ12A81C22365,1
00f18c82e0b2140bfa061fc2944dded6c17117e8,SOULTKQ12AB018A183,1
00f18c82e0b2140bfa061fc2944dded6c17117e8,SODUVFL12AC3DF9936,9
00f18c82e0b2140bfa061fc2944dded6c17117e8,SOSIPAM12AF72AA43B,1
00f18c82e0b2140bfa061fc2944dded6c17117e8,SOOFGCG12A6D4FD712,1
016081d67732deec77326c4c9c040a22542f8e78,SOPUCYA12A8C13A694,2
016081d67732deec77326c4c9c040a22542f8e78,SOYVYAJ12AF729FB21,2
016081d67732deec77326c4c9c040a22542f8e78,SOXQYSC12A6310E908,2
016081d67732deec77326c4c9c040a22542f8e78,SOWRREB12A6D4FA7CB,1
016081d67732deec77326c4c9c040a22542f8e78,SOTMTTY12A6D4F95A1,1
016081d67732deec77326c4c9c040a22542f8e78,SOBOUPA12A6D4F81F1,7
016081d67732deec77326c4c9c040a22542f8e78,SOBTMZN12A67ADEACD,1
016081d67732deec77326c4c9c040a22542f8e78,SOXJCWC12A6D4FA800,1
016081d67732deec77326c4c9c040a22542f8e78,SORRFGI12A6D4F9CFF,1
016081d67732deec77326c4c9c040a22542f8e78,SOKENKR12AB01828F7,1
016081d67732deec77326c4c9c040a22542f8e78,SOUGAYN12A6D4F6E90,1
016081d67732deec77326c4c9c040a22542f8e78,SOOFYTN12A6D4F9B35,14
016081d67732deec77326c4c9c040a22542f8e78,SONHNGZ12A67ADE81F,1
016081d67732deec77326c4c9c040a22542f8e78,SOHRQFL12A6D4F3C8A,1
016081d67732deec77326c4c9c040a22542f8e78,SOUOEMP12A8C13866E,1
016081d67732deec77326c4c9c040a22542f8e78,SORVROY12A8C13FD34,1
016081d67732deec77326c4c9c040a22542f8e78,SOSIQPJ12A6701C4BD,1
016081d67732deec77326c4c9c040a22542f8e78,SOQQQMM12A6310DFCC,1
016081d67732deec77326c4c9c040a22542f8e78,SOJTLHS12A8C13F633,1
016081d67732deec77326c4c9c040a22542f8e78,SOGAGAT12A6D4FAF3D,13
016081d67732deec77326c4c9c040a22542f8e78,SOENYBK12AB0185B08,1
016081d67732deec77326c4c9c040a22542f8e78,SOJXAMZ12AF72ABD3C,1
0001ff7aa2667c8d8b945317b88adaed1c0b9dc2,SOWHUTE12A8C144C09,1
0001ff7aa2667c8d8b945317b88adaed1c0b9dc2,SOFGOCL12AB01824F0,2
0001ff7aa2667c8d8b945317b88adaed1c0b9dc2,SOXLKBQ12A8C131B17,1
0001ff7aa2667c8d8b945317b88adaed1c0b9dc2,SOVQJRY12A81C210C0,3
0001ff7aa2667c8d8b945317b88adaed1c0b9dc2,SOGJYKO12A6D4F73FA,1
0001ff7aa2667c8d8b945317b88adaed1c0b9dc2,SOXONIW12A8C1390D8,1
0001ff7aa2667c8d8b945317b88adaed1c0b9dc2,SOIMQXB12AB0188FA0,1
0001ff7aa2667c8d8b945317b88adaed1c0b9dc2,SOFIWJG12A6310D8B6,1
0001ff7aa2667c8d8b945317b88adaed1c0b9dc2,SOGWKFE12A8AE46538,1
00b09a4d188dbcc13934a75c8bd000f2c7357969,SOSXLTC12AF72A7F54,1
00b09a4d188dbcc13934a75c8bd000f2c7357969,SOWKBNB12A582A2325,99
00b09a4d188dbcc13934a75c8bd000f2c7357969,SOYEUWK12A6701DC8B,1
00b09a4d188dbcc13934a75c8bd000f2c7357969,SOWRMCR12A8C13BA98,1
00b09a4d188dbcc13934a75c8bd000f2c7357969,SOEOKWO12A8C13D05B,15
01053567dc9bd965816e643a3f76bb7e1de9d3fa,SOLRHOE12A58A7CB32,5
01053567dc9bd965816e643a3f76bb7e1de9d3fa,SOPOHNL12A8C134BDA,1
01053567dc9bd965816e643a3f76bb7e1de9d3fa,SOXZKKI12A6D4FD9CE,12
01053567dc9bd965816e643a3f76bb7e1de9d3fa,SOOKGRB12A8C13CD66,21
01053567dc9bd965816e643a3f76bb7e1de9d3fa,SOSCIZP12AB0181D2F,1
01053567dc9bd965816e643a3f76bb7e1de9d3fa,SOZCDWG12A6D4F81E1,5
01053567dc9bd965816e643a3f76bb7e1de9d3fa,SOBFCXH12A8C136D3F,6
01053567dc9bd965816e643a3f76bb7e1de9d3fa,SODLLYS12A8C13A96B,13
014d3a51b69c98100b68f52ea1941947d1f2eddd,SONHWUN12AC468C014,5
014d3a51b69c98100b68f52ea1941947d1f2eddd,SOPRMDL12A8C13CAF6,83
014d3a51b69c98100b68f52ea1941947d1f2eddd,SOPSOHT12A67AE0235,1
014d3a51b69c98100b68f52ea1941947d1f2eddd,SOMJQPD12A8AE45E9E,5
014d3a51b69c98100b68f52ea1941947d1f2eddd,SONMMKG12A6D4F4661,1
01c4e007680602a97e60cc26466508e0cd5cf66a,SOYIEKE12A8C141815,2
01c4e007680602a97e60cc26466508e0cd5cf66a,SOTNHIP12AB0183131,1
01c4e007680602a97e60cc26466508e0cd5cf66a,SOHOTAA12A8AE45F43,6
01c4e007680602a97e60cc26466508e0cd5cf66a,SOYIGAY12B0B808C88,5
01c4e007680602a97e60cc26466508e0cd5cf66a,SOXZMNC12A8C135DD5,1
01c4e007680602a97e60cc26466508e0cd5cf66a,SOEDSPH12A8C1362D3,1
01c4e007680602a97e60cc26466508e0cd5cf66a,SOYGBWJ12A8C13790C,5
01c4e007680602a97e60cc26466508e0cd5cf66a,SOYROMA12A8C1374A2,1
021a2638497fef53685ada8630e5a727cdd630d9,SOVAEKB12A8C130DD2,10
021a2638497fef53685ada8630e5a727cdd630d9,SOQUFQQ12AB017ED68,6
021a2638497fef53685ada8630e5a727cdd630d9,SOPTWHL12AB01843C8,6
021a2638497fef53685ada8630e5a727cdd630d9,SOZZTNF12A8C139916,1
021a2638497fef53685ada8630e5a727cdd630d9,SODDBVT12AB017A915,18
021a2638497fef53685ada8630e5a727cdd630d9,SOEKHWM12AB01846F9,5
021a2638497fef53685ada8630e5a727cdd630d9,SOQGWBT12AB017E262,2
021a2638497fef53685ada8630e5a727cdd630d9,SOBGHIW12AB017F33C,1
0224641377c29872f02639d68e098ca0e59c4c8d,SOEHFSK12A67FFB329,1
0224641377c29872f02639d68e098ca0e59c4c8d,SOIZAZL12A6701C53B,1
0224641377c29872f02639d68e098ca0e59c4c8d,SOQGDAC12A6D4F7A40,1
0224641377c29872f02639d68e098ca0e59c4c8d,SOVABIW12A8C1341B9,3
0224641377c29872f02639d68e098ca0e59c4c8d,SOVFHAQ12A8C13BAA9,2
0224641377c29872f02639d68e098ca0e59c4c8d,SOESTPV12AB01821F6,2
0224641377c29872f02639d68e098ca0e59c4c8d,SODQMDJ12A6D4FCD75,1
0224641377c29872f02639d68e098ca0e59c4c8d,SOADQPP12A67020C82,2
0224641377c29872f02639d68e098ca0e59c4c8d,SOXRSLB12A3F1EBCFA,1
0224641377c29872f02639d68e098ca0e59c4c8d,SOMNTMT12A8C1400F6,1
0224641377c29872f02639d68e098ca0e59c4c8d,SOOUNSU12A8AE46780,1
0224641377c29872f02639d68e098ca0e59c4c8d,SOFFWND12A58A796B7,1
0029b299091e9e9040761838785a0689a5f67215,SOYWXZM12AB01808CA,7
0029b299091e9e9040761838785a0689a5f67215,SOTJNSP12AB0183991,1
0029b299091e9e9040761838785a0689a5f67215,SOICNVU12A6701FA31,1
0029b299091e9e9040761838785a0689a5f67215,SOXZDFK12A6D4FA188,12
0029b299091e9e9040761838785a0689a5f67215,SOFCPEE12A8C13D566,10
0029b299091e9e9040761838785a0689a5f67215,SOOEMSR12AB018EA98,8
0029b299091e9e9040761838785a0689a5f67215,SOGNQMG12A8C133BBA,17
0029b299091e9e9040761838785a0689a5f67215,SOPQBHI12A58A777F6,5
0029b299091e9e9040761838785a0689a5f67215,SODJKIT12A58A7D6F9,10
0029b299091e9e9040761838785a0689a5f67215,SOPWZGK12A67020744,9
0029b299091e9e9040761838785a0689a5f67215,SOIEKQT12A8C13D205,10
0029b299091e9e9040761838785a0689a5f67215,SOQENWM12AB017EDE0,6
0029b299091e9e9040761838785a0689a5f67215,SOMOKZB12A8C13AEDF,12
0029b299091e9e9040761838785a0689a5f67215,SOFBGGV12AB017BDDD,1
0029b299091e9e9040761838785a0689a5f67215,SOYNVGY12A8C132EE5,18
0029b299091e9e9040761838785a0689a5f67215,SOXJASM12A8C13BB05,9
0029b299091e9e9040761838785a0689a5f67215,SOCJDLS12A8AE468B4,1
0029b299091e9e9040761838785a0689a5f67215,SONEUUL12AB018EA90,14
015614d3ec4acd1139453d67539f35665afd37a8,SOOMYAK12A8C135293,3
015614d3ec4acd1139453d67539f35665afd37a8,SOQMTLP12AB017E9CD,1
015614d3ec4acd1139453d67539f35665afd37a8,SOXKFVS12A58A786CC,1
015614d3ec4acd1139453d67539f35665afd37a8,SORVROY12A8C13FD34,7
015614d3ec4acd1139453d67539f35665afd37a8,SOJFZAR12A8C13FD64,1
015614d3ec4acd1139453d67539f35665afd37a8,SOBOUPA12A6D4F81F1,1
015614d3ec4acd1139453d67539f35665afd37a8,SOOQVDR12AB0185FD4,6
015614d3ec4acd1139453d67539f35665afd37a8,SOXFPND12AB017C9D1,1
015614d3ec4acd1139453d67539f35665afd37a8,SOHUVBN12A8C13FD57,1
015614d3ec4acd1139453d67539f35665afd37a8,SOEILNZ12AAF3B3D12,2
015614d3ec4acd1139453d67539f35665afd37a8,SOPEOGA12AB017B694,4
01372a5346e1ebf4cdeb974de238861f14104301,SOQVHQN12AB018D97D,1
01372a5346e1ebf4cdeb974de238861f14104301,SOXBJUN12AB01827CB,1
01372a5346e1ebf4cdeb974de238861f14104301,SOQCRHY12A8C131ABD,1
01372a5346e1ebf4cdeb974de238861f14104301,SONNHSO12A58A7D273,1
01372a5346e1ebf4cdeb974de238861f14104301,SOEJTDK12A8C1373CC,1
01372a5346e1ebf4cdeb974de238861f14104301,SOFLMWG12A58A7B474,1
01372a5346e1ebf4cdeb974de238861f14104301,SOSBDSP12AB018A0A0,1
01372a5346e1ebf4cdeb974de238861f14104301,SOSJZHN12AB0187EC2,1
01372a5346e1ebf4cdeb974de238861f14104301,SOKUFNM12AB018CC22,1
01372a5346e1ebf4cdeb974de238861f14104301,SOAVKIW12A81C2300D,1
01372a5346e1ebf4cdeb974de238861f14104301,SOTQJRS12A8C139A95,1
01372a5346e1ebf4cdeb974de238861f14104301,SOIBSTB12A8C1322FC,1
01372a5346e1ebf4cdeb974de238861f14104301,SOLMCBA12A58A7D746,3
01372a5346e1ebf4cdeb974de238861f14104301,SONLZFH12A6D4F8206,1
01372a5346e1ebf4cdeb974de238861f14104301,SODAUHK12AB01837BB,1
01372a5346e1ebf4cdeb974de238861f14104301,SOPFVER12AB0180FEF,1
01372a5346e1ebf4cdeb974de238861f14104301,SOBBZWZ12A8C145548,1
01372a5346e1ebf4cdeb974de238861f14104301,SOWZREA12A6701D93D,5
01372a5346e1ebf4cdeb974de238861f14104301,SOEVXFV12A8C131196,1
01372a5346e1ebf4cdeb974de238861f14104301,SOYMRWO12A6D4F8DAB,1
01372a5346e1ebf4cdeb974de238861f14104301,SOPDKTK12A8C1391AE,1
01372a5346e1ebf4cdeb974de238861f14104301,SOGSQIJ12A58A7A822,1
01372a5346e1ebf4cdeb974de238861f14104301,SOWRJTZ12AB018DF97,1
01372a5346e1ebf4cdeb974de238861f14104301,SOLCHDA12A8C13C0A8,3
01372a5346e1ebf4cdeb974de238861f14104301,SOMMJUQ12AF72A5931,1
01b45cb6186c46d96b07798bf3ae81bdf4ccda94,SOBONKR12A58A7A7E0,1
01b45cb6186c46d96b07798bf3ae81bdf4ccda94,SOUFTBI12AB0183F65,1
01b45cb6186c46d96b07798bf3ae81bdf4ccda94,SORXLCB12A67020B3C,1
01b45cb6186c46d96b07798bf3ae81bdf4ccda94,SORQGDD12A8C143BD7,1
01b45cb6186c46d96b07798bf3ae81bdf4ccda94,SOWRREB12A6D4FA7CB,2
01b45cb6186c46d96b07798bf3ae81bdf4ccda94,SOVBMGP12A8C13CE01,1
01b45cb6186c46d96b07798bf3ae81bdf4ccda94,SOXBCZH12A67ADAD77,1
01b45cb6186c46d96b07798bf3ae81bdf4ccda94,SOEVCPD12AF72A3232,1
01b45cb6186c46d96b07798bf3ae81bdf4ccda94,SOEBWPL12A6310D958,1
01b45cb6186c46d96b07798bf3ae81bdf4ccda94,SORPZAL12A8C13F57D,1
00e901966381db162258b284df4a5af38f64e70a,SOJANXN12A67AE1F28,1
00e901966381db162258b284df4a5af38f64e70a,SOUHPCH12A8C1397DE,1
00e901966381db162258b284df4a5af38f64e70a,SORWIAY12A58A7BFC8,1
00e901966381db162258b284df4a5af38f64e70a,SOPMDSY12AF72A0C6F,1
00e901966381db162258b284df4a5af38f64e70a,SORSZAY12AB0185763,1
00e901966381db162258b284df4a5af38f64e70a,SOZHSIV12A6310E85A,1
00e901966381db162258b284df4a5af38f64e70a,SOODDZN12A582918BE,1
00e901966381db162258b284df4a5af38f64e70a,SOQLUTQ12A8AE48037,1
00e901966381db162258b284df4a5af38f64e70a,SOQUDQO12AB0185620,1
00e901966381db162258b284df4a5af38f64e70a,SOSZXMC12A6D4F7BE5,1
00e901966381db162258b284df4a5af38f64e70a,SOOGANI12A8C139E6B,1
00e901966381db162258b284df4a5af38f64e70a,SOBILME12A6701EEAB,1
00014a76ed063e1a749171a253bca9d9a0ff1782,SORHASY12A6D4F8664,1
00014a76ed063e1a749171a253bca9d9a0ff1782,SOIZOGF12A6D4F866A,2
00014a76ed063e1a749171a253bca9d9a0ff1782,SOEWNJA12A67AE110B,1
00014a76ed063e1a749171a253bca9d9a0ff1782,SOXQRWT12A6D4F867A,1
00014a76ed063e1a749171a253bca9d9a0ff1782,SOOYWQZ12AB018AAF2,1
00014a76ed063e1a749171a253bca9d9a0ff1782,SORGONC12A8C144CCE,1
00014a76ed063e1a749171a253bca9d9a0ff1782,SOCCSRQ12AB01828CE,10
00014a76ed063e1a749171a253bca9d9a0ff1782,SOJOYQG12A8C1443B1,1
00014a76ed063e1a749171a253bca9d9a0ff1782,SOTCMDJ12A6D4F8528,4
00014a76ed063e1a749171a253bca9d9a0ff1782,SOODZZZ12A6D4F7567,1
00014a76ed063e1a749171a253bca9d9a0ff1782,SOBQBIX12A6D4F8653,1
001ac18f239ceca07c4ddef652ba9308d12d077b,SODJWHY12A8C142CCE,1
001ac18f239ceca07c4ddef652ba9308d12d077b,SOEAXWT12A6D4F997C,1
001ac18f239ceca07c4ddef652ba9308d12d077b,SOFQQSJ12A5891DB68,14
001ac18f239ceca07c4ddef652ba9308d12d077b,SONQCXC12A6D4F6A37,1
001ac18f239ceca07c4ddef652ba9308d12d077b,SOAODHY12A8C13C8B5,1
001ac18f239ceca07c4ddef652ba9308d12d077b,SOYRRNW12AB017FC36,2
001ac18f239ceca07c4ddef652ba9308d12d077b,SOWRMCR12A8C13BA98,5
001ac18f239ceca07c4ddef652ba9308d12d077b,SOIBBRA12A8C13BA94,4
001ac18f239ceca07c4ddef652ba9308d12d077b,SOWBTPS12A6D4FA5BE,4
001ac18f239ceca07c4ddef652ba9308d12d077b,SOGJNXJ12A6D4F9271,3
001ac18f239ceca07c4ddef652ba9308d12d077b,SONVPTP12A6D4F7A34,14
001ac18f239ceca07c4ddef652ba9308d12d077b,SOOVBAQ12A6D4F7914,11
001ac18f239ceca07c4ddef652ba9308d12d077b,SOOLYZQ12A6D4FA5B7,1
001ac18f239ceca07c4ddef652ba9308d12d077b,SOESJHB12A8C13F5A5,5
021b12da6853b4a174cb3721b1ea62bc4782bc66,SONHVVE12AB018D038,2
021b12da6853b4a174cb3721b1ea62bc4782bc66,SOUVTSM12AC468F6A7,2
021b12da6853b4a174cb3721b1ea62bc4782bc66,SOAUWYT12A81C206F1,24
021b12da6853b4a174cb3721b1ea62bc4782bc66,SOUYXJU12A8AE45993,1
021b12da6853b4a174cb3721b1ea62bc4782bc66,SOUSMXX12AB0185C24,1
014bacaaba0bc1a5322fc45975518c60beb86366,SOVYHGO12A8AE47618,1
014bacaaba0bc1a5322fc45975518c60beb86366,SOWBTPS12A6D4FA5BE,1
014bacaaba0bc1a5322fc45975518c60beb86366,SODFYFM12A6D4F87FD,1
014bacaaba0bc1a5322fc45975518c60beb86366,SOREPVE12A8AE47631,1
014bacaaba0bc1a5322fc45975518c60beb86366,SOMGXRE12A6D4F9536,1
014bacaaba0bc1a5322fc45975518c60beb86366,SOJGIUN12A6BD55B8E,1
0167cc883d97e4e310b36cde94a1ffbf4c4da97a,SOMOLGV12A58A7C960,1
0167cc883d97e4e310b36cde94a1ffbf4c4da97a,SORRQLS12A81C20B79,1
0167cc883d97e4e310b36cde94a1ffbf4c4da97a,SOPCBRK12A8C13C9F3,1
0167cc883d97e4e310b36cde94a1ffbf4c4da97a,SOAMIQK12A6701D94F,1
0167cc883d97e4e310b36cde94a1ffbf4c4da97a,SOUPIVM12B0B80BD29,1
0167cc883d97e4e310b36cde94a1ffbf4c4da97a,SOIHJSD12A6701EB04,1
0167cc883d97e4e310b36cde94a1ffbf4c4da97a,SOITJKQ12A8C13BEA1,1
0167cc883d97e4e310b36cde94a1ffbf4c4da97a,SOBBNYW12A81C20B85,1
0167cc883d97e4e310b36cde94a1ffbf4c4da97a,SOAQRBB12A81C22181,1
0218318e7de644c5b93252f0c8d7356552a0b6fd,SOJMQVV12A8C1368AE,5
0218318e7de644c5b93252f0c8d7356552a0b6fd,SOUOCRG12A67AE0E17,4
0218318e7de644c5b93252f0c8d7356552a0b6fd,SOWQOMG12A6701D1F3,2
0218318e7de644c5b93252f0c8d7356552a0b6fd,SONZDQD12A58A7C421,2
0218318e7de644c5b93252f0c8d7356552a0b6fd,SOSEBVP12A6D4F9CBB,1
0218318e7de644c5b93252f0c8d7356552a0b6fd,SOTSJBD12A670214A4,1
0218318e7de644c5b93252f0c8d7356552a0b6fd,SORTERB12AB017F037,5
0218318e7de644c5b93252f0c8d7356552a0b6fd,SOCUQMK12A8C135B78,3
003443fd56d90afb1de6645797a832fd07b439f5,SOQOJMG12AF729F1FF,1
003443fd56d90afb1de6645797a832fd07b439f5,SOSCIZP12AB0181D2F,2
003443fd56d90afb1de6645797a832fd07b439f5,SOFZHEQ12A58A7B69D,1
003443fd56d90afb1de6645797a832fd07b439f5,SOLFXKT12AB017E3E0,2
003443fd56d90afb1de6645797a832fd07b439f5,SOVYTXK12AB01800F5,2
0008c5592e089fff5a99c4bd1ef4c2fc1a7bf2a8,SOFINSL12AF729F063,9
0008c5592e089fff5a99c4bd1ef4c2fc1a7bf2a8,SOZAYVI12A8C134061,1
0008c5592e089fff5a99c4bd1ef4c2fc1a7bf2a8,SOPWVTH12AB01843CE,1
0008c5592e089fff5a99c4bd1ef4c2fc1a7bf2a8,SOERWDN12A8C140DA5,1
0008c5592e089fff5a99c4bd1ef4c2fc1a7bf2a8,SOWSDET12A8C140DA1,1
0008c5592e089fff5a99c4bd1ef4c2fc1a7bf2a8,SONIAKP12A8C130514,2
0008c5592e089fff5a99c4bd1ef4c2fc1a7bf2a8,SOGQJKF12A8C13729E,1
0008c5592e089fff5a99c4bd1ef4c2fc1a7bf2a8,SOGIOWQ12A67020686,4
0008c5592e089fff5a99c4bd1ef4c2fc1a7bf2a8,SOLRGVL12A8C143BC3,4
0008c5592e089fff5a99c4bd1ef4c2fc1a7bf2a8,SOZKLQR12AF72A45C9,2
0008c5592e089fff5a99c4bd1ef4c2fc1a7bf2a8,SOBOLEI12A58A7E386,1
0008c5592e089fff5a99c4bd1ef4c2fc1a7bf2a8,SOYLZGN12A58A79857,1
0008c5592e089fff5a99c4bd1ef4c2fc1a7bf2a8,SOTKIJW12A8AE4527E,1
0008c5592e089fff5a99c4bd1ef4c2fc1a7bf2a8,SODUGLL12A58A7A92C,1
0008c5592e089fff5a99c4bd1ef4c2fc1a7bf2a8,SOUSKZE12A6D4FC70C,3
0008c5592e089fff5a99c4bd1ef4c2fc1a7bf2a8,SOIDEPI12A6D4F98D2,8
00368ec2f1ed8496ea085de2b338c314b6aa2c06,SOXVGVA12AB018950D,1
00368ec2f1ed8496ea085de2b338c314b6aa2c06,SOIYWPZ12A81C204EF,1
00368ec2f1ed8496ea085de2b338c314b6aa2c06,SOEBGYH12A81C22B00,2
00368ec2f1ed8496ea085de2b338c314b6aa2c06,SOUCBEB12A6310E1F9,26
00368ec2f1ed8496ea085de2b338c314b6aa2c06,SOZODMP12AB018061F,1
00368ec2f1ed8496ea085de2b338c314b6aa2c06,SOXONIW12A8C1390D8,2
00368ec2f1ed8496ea085de2b338c314b6aa2c06,SOCHKAZ12A58A77F33,2
00368ec2f1ed8496ea085de2b338c314b6aa2c06,SOITKYO12A8C13B3D5,1
00368ec2f1ed8496ea085de2b338c314b6aa2c06,SOKJQGO12AF72ACA9F,1
00368ec2f1ed8496ea085de2b338c314b6aa2c06,SODVWOV12A6D4FB6D2,1
00368ec2f1ed8496ea085de2b338c314b6aa2c06,SOTVZIB12A6D4F694A,20
00368ec2f1ed8496ea085de2b338c314b6aa2c06,SOKEMEF12A6D4F9403,1
00368ec2f1ed8496ea085de2b338c314b6aa2c06,SOCHXTG12A58A779A0,1
00368ec2f1ed8496ea085de2b338c314b6aa2c06,SOUATLJ12A6D4F6C13,3
00368ec2f1ed8496ea085de2b338c314b6aa2c06,SOKKSTU12A6D4F9A09,3
00368ec2f1ed8496ea085de2b338c314b6aa2c06,SOERTOA12A81C204F3,1
00368ec2f1ed8496ea085de2b338c314b6aa2c06,SOBADEB12AB018275F,1
00368ec2f1ed8496ea085de2b338c314b6aa2c06,SOQJHUW12AB0188A24,2
00368ec2f1ed8496ea085de2b338c314b6aa2c06,SODKNEG12A67ADE66B,2
00368ec2f1ed8496ea085de2b338c314b6aa2c06,SOUNJIO12AB0181339,11
00368ec2f1ed8496ea085de2b338c314b6aa2c06,SODEVXZ12A67020A45,2
00368ec2f1ed8496ea085de2b338c314b6aa2c06,SOTRCST12A8C13D2B4,1
00368ec2f1ed8496ea085de2b338c314b6aa2c06,SOIAMAG12A6701DCFC,2
00368ec2f1ed8496ea085de2b338c314b6aa2c06,SOMGVYU12A8C1314FF,26
00368ec2f1ed8496ea085de2b338c314b6aa2c06,SOBTUWP12AF72A152D,1
00368ec2f1ed8496ea085de2b338c314b6aa2c06,SOAOPCG12AC468D27E,3
00368ec2f1ed8496ea085de2b338c314b6aa2c06,SOTULEI12A58A7CB72,1
00368ec2f1ed8496ea085de2b338c314b6aa2c06,SOXGIWN12A6310E0D8,3
00368ec2f1ed8496ea085de2b338c314b6aa2c06,SOQIGKQ12A58A7CD0E,12
0041156565a6b710dd3bca618684c91ca4f12804,SOMOKCH12A8159E8A0,1
0041156565a6b710dd3bca618684c91ca4f12804,SOATHTW12A58A7EDB5,1
0041156565a6b710dd3bca618684c91ca4f12804,SOSJMUI12A6D4F9827,1
0041156565a6b710dd3bca618684c91ca4f12804,SOYYCCP12A6701E050,1
0041156565a6b710dd3bca618684c91ca4f12804,SOXEPDO12A58A7D0D7,1
0041156565a6b710dd3bca618684c91ca4f12804,SODKVUC12A8159E8AF,1
0041156565a6b710dd3bca618684c91ca4f12804,SOMORRM12A8159E8A4,1
0041156565a6b710dd3bca618684c91ca4f12804,SOXEUHC12A8159E8AA,1
0041156565a6b710dd3bca618684c91ca4f12804,SOGABXH12AB01814C5,1
0041156565a6b710dd3bca618684c91ca4f12804,SOMXAEG12AF72A294D,2
0053c661c1ff53bf584c3672b036542199df194a,SOHYLXU12A8C139492,1
0053c661c1ff53bf584c3672b036542199df194a,SOFLJQZ12A6D4FADA6,7
0053c661c1ff53bf584c3672b036542199df194a,SOAUWYT12A81C206F1,9
0053c661c1ff53bf584c3672b036542199df194a,SOOSCPN12AB0186AF2,1
0053c661c1ff53bf584c3672b036542199df194a,SOPSOHT12A67AE0235,1
0225648099019b3f6b99182de7b00feac1168115,SOGFKJE12A8C138D6A,14
0225648099019b3f6b99182de7b00feac1168115,SOZCDWG12A6D4F81E1,1
0225648099019b3f6b99182de7b00feac1168115,SOIYNJG12AB01810B2,1
0225648099019b3f6b99182de7b00feac1168115,SOTKYBW12A8C13C3EA,6
0225648099019b3f6b99182de7b00feac1168115,SOMCAFM12A58A7B024,1
0225648099019b3f6b99182de7b00feac1168115,SOIXXSG12A8C13C400,7
0225648099019b3f6b99182de7b00feac1168115,SOQOAIZ12A8C1437BE,4
0225648099019b3f6b99182de7b00feac1168115,SOHPKAG12AB017D2AF,1
0225648099019b3f6b99182de7b00feac1168115,SOVPDKK12A8C138DA5,7
0225648099019b3f6b99182de7b00feac1168115,SOFWMNN12A8C13C3F2,6
0225648099019b3f6b99182de7b00feac1168115,SONAZWN12A8151C957,7
0225648099019b3f6b99182de7b00feac1168115,SOJEVHC12A8C13C3E5,6
0225648099019b3f6b99182de7b00feac1168115,SOENFPL12A58A793FB,5
0225648099019b3f6b99182de7b00feac1168115,SOLVNYY12AB0181D2E,4
0225648099019b3f6b99182de7b00feac1168115,SOHASBP12A8C13C3EE,5
004a8a7e06ed67e6bbf11377cefbad127f5891c6,SOBTUTU12A6701F301,1
004a8a7e06ed67e6bbf11377cefbad127f5891c6,SOCSPUV12A6D4F8982,3
004a8a7e06ed67e6bbf11377cefbad127f5891c6,SODEGIQ12A6D4FC6E3,6
004a8a7e06ed67e6bbf11377cefbad127f5891c6,SODOJMS12A58A756CC,12
004a8a7e06ed67e6bbf11377cefbad127f5891c6,SOESTPV12AB01821F6,5
004a8a7e06ed67e6bbf11377cefbad127f5891c6,SODCLQR12A67AE110D,1
004a8a7e06ed67e6bbf11377cefbad127f5891c6,SOCPTWE12A6701E2F8,5
004a8a7e06ed67e6bbf11377cefbad127f5891c6,SOCJQZT12AC3DF98B9,4
004a8a7e06ed67e6bbf11377cefbad127f5891c6,SOWFVNL12A81C20D2C,10
004a8a7e06ed67e6bbf11377cefbad127f5891c6,SOFOQAO12A8C14203B,1
004a8a7e06ed67e6bbf11377cefbad127f5891c6,SOCSRYF12A8AE458AE,2
004a8a7e06ed67e6bbf11377cefbad127f5891c6,SOCAKKQ12AB01815E7,10
004a8a7e06ed67e6bbf11377cefbad127f5891c6,SOXDTMQ12A6D4FA12F,1
004a8a7e06ed67e6bbf11377cefbad127f5891c6,SONDBUE12A58A75F7A,1
0044dfdf6279ae77da185a00df00015c9c747fb9,SOWZKDH12A6310F998,1
0044dfdf6279ae77da185a00df00015c9c747fb9,SOGZNLT12A8AE48AE9,1
0044dfdf6279ae77da185a00df00015c9c747fb9,SOWAYLE12A58A7C557,2
0044dfdf6279ae77da185a00df00015c9c747fb9,SONJVYU12A8AE44F9E,1
0044dfdf6279ae77da185a00df00015c9c747fb9,SOOQOSK12A8C135644,1
0044dfdf6279ae77da185a00df00015c9c747fb9,SOANCHX12A8C139C27,1
0044dfdf6279ae77da185a00df00015c9c747fb9,SOAJAFJ12A58A7B75A,21
0044dfdf6279ae77da185a00df00015c9c747fb9,SOMAIEW12A6D4F591E,2
0044dfdf6279ae77da185a00df00015c9c747fb9,SOZVHUQ12AB0182599,5
0044dfdf6279ae77da185a00df00015c9c747fb9,SOWFCZA12AB017FE8D,1
0044dfdf6279ae77da185a00df00015c9c747fb9,SOJCJMI12A6D4F88C2,1
0044dfdf6279ae77da185a00df00015c9c747fb9,SODEIFT12AB0189E54,1
0044dfdf6279ae77da185a00df00015c9c747fb9,SODDFXT12AB0180018,2
0044dfdf6279ae77da185a00df00015c9c747fb9,SOVJGGI12A58A76465,1
0044dfdf6279ae77da185a00df00015c9c747fb9,SOMDBJK12A6D4F873A,1
0044dfdf6279ae77da185a00df00015c9c747fb9,SOGYPXH12AB0183A3C,3
0044dfdf6279ae77da185a00df00015c9c747fb9,SOIUEZX12A67AD866A,5
0044dfdf6279ae77da185a00df00015c9c747fb9,SOPVRVO12AF729EEC9,1
0044dfdf6279ae77da185a00df00015c9c747fb9,SOQTYSP12A6D4F8979,1
0044dfdf6279ae77da185a00df00015c9c747fb9,SOAZWXE12AB017FFFD,2
01d34f8853f29e47ea17039ec31c5d729eb5da6b,SOAEKIE12A6701FEAD,1
01d34f8853f29e47ea17039ec31c5d729eb5da6b,SOGJWEA12A6D4F9B41,1
01d34f8853f29e47ea17039ec31c5d729eb5da6b,SOMTLPL12A6702085A,1
01d34f8853f29e47ea17039ec31c5d729eb5da6b,SOAIVWY12A6D4F6A4A,1
01d34f8853f29e47ea17039ec31c5d729eb5da6b,SOJCBGS12AB01880F1,1
01d34f8853f29e47ea17039ec31c5d729eb5da6b,SOHAVKZ12AF72A05C3,1
01d34f8853f29e47ea17039ec31c5d729eb5da6b,SOZXBVL12AB0184D35,1
001facc86749a0c02d628e2767c7b387ce57d5cd,SOFRQTD12A81C233C0,17
001facc86749a0c02d628e2767c7b387ce57d5cd,SORZLWZ12A58A7F5D8,1
001facc86749a0c02d628e2767c7b387ce57d5cd,SOFZVRZ12A8C1328B8,10
001facc86749a0c02d628e2767c7b387ce57d5cd,SOSLXEH12A67ADBED9,9
001facc86749a0c02d628e2767c7b387ce57d5cd,SOAXGDH12A8C13F8A1,5
01782ddb3f988b20cf55952b2b0c058f1c73c125,SOKUTUM12A6701D9CD,5
01782ddb3f988b20cf55952b2b0c058f1c73c125,SOXDRDR12AB0182FF3,7
01782ddb3f988b20cf55952b2b0c058f1c73c125,SOILFUU12AB017C75F,1
01782ddb3f988b20cf55952b2b0c058f1c73c125,SOJQPGT12A8C13D67E,1
01782ddb3f988b20cf55952b2b0c058f1c73c125,SOXQYSC12A6310E908,5
01782ddb3f988b20cf55952b2b0c058f1c73c125,SOXWYZP12AF72A42A6,4
01782ddb3f988b20cf55952b2b0c058f1c73c125,SODYWBD12A8C139845,2
01782ddb3f988b20cf55952b2b0c058f1c73c125,SOAKMDU12A8C1346A9,1
01782ddb3f988b20cf55952b2b0c058f1c73c125,SOWEJXA12A6701C574,6
01782ddb3f988b20cf55952b2b0c058f1c73c125,SOUVTSM12AC468F6A7,2
01782ddb3f988b20cf55952b2b0c058f1c73c125,SOARUPP12AB01842E0,7
01782ddb3f988b20cf55952b2b0c058f1c73c125,SOYRYJW12AB0187A89,1
01c0b918d8949d2031e6cd4f276617d35ebacaab,SOUWKJS12A6701DE7E,1
01c0b918d8949d2031e6cd4f276617d35ebacaab,SOKWHEE12A6D4FA525,1
01c0b918d8949d2031e6cd4f276617d35ebacaab,SOBQATF12AB0180162,1
01c0b918d8949d2031e6cd4f276617d35ebacaab,SOPHXDB12AB018017D,2
01c0b918d8949d2031e6cd4f276617d35ebacaab,SOCRAYM12A8C135EF9,2
01c0b918d8949d2031e6cd4f276617d35ebacaab,SOPFDJX12A8C13BBE2,1
00c789bb0332fae4cfc05c3121b282274c177dcb,SONYXNK12A6D4F9CF2,4
00c789bb0332fae4cfc05c3121b282274c177dcb,SOPDWCR12A8C140446,1
00c789bb0332fae4cfc05c3121b282274c177dcb,SOUFTBI12AB0183F65,1
00c789bb0332fae4cfc05c3121b282274c177dcb,SOWEHOM12A6BD4E09E,1
00c789bb0332fae4cfc05c3121b282274c177dcb,SOQJHUW12AB0188A24,11
00c789bb0332fae4cfc05c3121b282274c177dcb,SOAPAXV12AF72A574E,3
00c789bb0332fae4cfc05c3121b282274c177dcb,SOGPIRB12A8C1402F0,1
00c789bb0332fae4cfc05c3121b282274c177dcb,SORBBBO12A67AE111A,7
00c789bb0332fae4cfc05c3121b282274c177dcb,SONYOLK12AB0180D03,2
00c789bb0332fae4cfc05c3121b282274c177dcb,SOLCJMY12A8C13205D,15
00c789bb0332fae4cfc05c3121b282274c177dcb,SOQUJLT12A8C141F8A,3
00c789bb0332fae4cfc05c3121b282274c177dcb,SONIJFN12A6D4F7A7A,2
00c789bb0332fae4cfc05c3121b282274c177dcb,SOEXLWU12AB018AEE0,1
00c789bb0332fae4cfc05c3121b282274c177dcb,SOYCCWK12A8C13635B,1
00c789bb0332fae4cfc05c3121b282274c177dcb,SORLVQR12A81C23375,2
00c789bb0332fae4cfc05c3121b282274c177dcb,SONNEGO12A8C13AF64,1
00c789bb0332fae4cfc05c3121b282274c177dcb,SOMKWCB12AB01868DE,5
00c789bb0332fae4cfc05c3121b282274c177dcb,SORAQZS12AB018562F,2
00c789bb0332fae4cfc05c3121b282274c177dcb,SOIIPQA12A8C12FA34,1
00c789bb0332fae4cfc05c3121b282274c177dcb,SOCHYVZ12A6D4F5908,2
00c789bb0332fae4cfc05c3121b282274c177dcb,SONZWBP12AB018BB4B,1
